1 2
1 3
1 4
1 5
1 6
1 7
1 8
1 9
1 10
1 11
1 12
1 13
1 14
1 15
1 16
1 17
1 18
1 19
1 20
1 21
1 22
1 23
1 24
1 25
1 26
1 27
1 28
1 29
1 30
1 31
1 32
1 33
1 34
1 35
1 36
1 37
1 38
1 39
1 40
1 41
42 19
42 24
42 20
42 37
42 36
18 28
18 5
18 31
18 8
18 43
18 44
18 19
18 13
18 20
18 34
18 21
18 36
18 24
18 16
18 45
18 37
18 32
18 38
18 46
47 48
47 49
50 2
50 51
50 4
50 6
50 52
50 27
50 33
50 11
50 49
50 14
50 15
50 53
50 17
50 54
50 55
50 56
50 57
50 58
50 22
50 7
50 25
50 59
50 10
50 60
50 61
50 35
50 62
50 48
50 40
50 41
63 51
63 4
63 6
63 27
63 10
63 33
63 14
63 35
63 58
63 22
63 25
63 64
63 15
65 48
65 40
65 39
66 52
66 67
66 68
66 69
66 70
71 6
71 25
71 10
71 54
72 4
72 6
72 27
72 33
72 12
72 61
72 35
72 17
19 28
19 5
19 31
19 8
19 20
19 44
19 13
19 43
19 34
19 21
19 36
19 16
19 24
19 37
19 32
19 38
19 46
56 2
56 51
56 4
56 73
56 7
56 27
56 9
56 74
56 10
56 11
56 12
56 75
56 14
56 76
56 15
56 77
56 17
56 78
56 79
56 80
56 54
56 64
56 81
56 82
56 55
56 83
56 57
56 58
56 22
56 23
56 84
56 26
56 85
56 6
56 86
56 87
56 29
56 88
56 89
56 33
56 90
56 61
56 91
56 35
56 92
56 93
56 94
56 95
56 25
56 60
56 96
56 40
56 97
56 41
56 98
56 99
100 37
100 5
100 101
100 20
100 34
100 24
100 102
23 2
23 51
23 103
23 6
23 7
23 27
23 9
23 74
23 10
23 11
23 12
23 14
23 98
23 15
23 77
23 4
23 17
23 64
23 79
23 54
23 55
23 82
23 58
23 22
23 84
23 26
23 87
23 29
23 88
23 33
23 90
23 61
23 35
23 92
23 93
23 95
23 25
23 60
23 96
23 97
23 41
23 99
24 8
24 36
24 13
24 101
24 16
24 45
24 5
24 20
24 21
24 38
24 28
24 31
24 32
24 44
24 43
24 34
24 37
24 102
24 46
25 2
25 51
25 103
25 6
25 7
25 27
25 9
25 104
25 10
25 11
25 12
25 14
25 15
25 77
25 105
25 4
25 17
25 64
25 81
25 54
25 55
25 83
25 57
25 58
25 22
25 59
25 26
25 86
25 29
25 30
25 33
25 60
25 61
25 35
25 95
25 39
25 40
25 41
62 30
62 49
62 57
62 58
62 106
62 48
26 2
26 51
26 4
26 73
26 27
26 74
26 10
26 11
26 12
26 75
26 14
26 98
26 15
26 77
26 87
26 82
26 55
26 83
26 58
26 22
26 6
26 86
26 88
26 89
26 90
26 61
26 92
26 93
26 94
26 84
26 97
26 76
26 99
85 86
85 90
85 51
85 73
85 98
85 74
85 11
85 82
85 35
85 76
85 92
85 77
85 88
85 93
85 94
85 84
85 80
85 99
69 107
69 108
69 52
69 109
69 67
69 110
69 111
69 112
69 113
69 114
69 115
69 116
69 117
69 68
69 70
69 118
69 119
69 120
69 121
69 122
69 123
69 124
90 51
90 87
90 74
90 11
90 12
90 98
90 77
90 80
90 79
90 82
90 84
90 86
90 88
90 96
90 35
90 92
90 93
90 94
90 97
90 76
90 99
34 5
34 8
34 36
34 13
34 101
34 16
34 45
34 20
34 21
34 38
34 28
34 31
34 32
34 44
34 43
34 125
34 37
34 102
34 46
35 2
35 51
35 103
35 6
35 7
35 27
35 9
35 74
35 10
35 11
35 12
35 14
35 98
35 15
35 77
35 4
35 17
35 64
35 79
35 80
35 54
35 55
35 81
35 82
35 58
35 22
35 59
35 29
35 30
35 88
35 33
35 61
35 99
35 93
35 94
35 95
35 84
35 39
35 60
35 96
35 92
35 41
35 76
119 107
119 108
119 52
119 109
119 67
119 110
119 111
119 112
119 113
119 114
119 115
119 116
119 117
119 68
119 70
119 120
119 121
119 122
119 118
119 123
119 124
125 102
125 37
125 5
125 101
126 68
37 8
37 36
37 13
37 101
37 16
37 45
37 5
37 20
37 21
37 38
37 27
37 28
37 31
37 32
37 44
37 43
37 102
37 46
40 3
40 4
40 54
40 6
40 27
40 10
40 11
40 12
40 49
40 61
40 57
40 77
40 22
40 48
40 51
40 39
97 75
97 51
97 82
97 88
97 79
97 89
97 11
97 12
97 91
97 98
97 92
97 93
97 84
97 78
97 94
97 87
97 99
41 2
41 51
41 4
41 6
41 7
41 27
41 9
41 10
41 11
41 12
41 14
41 15
41 77
41 105
41 17
41 64
41 81
41 54
41 55
41 58
41 22
41 59
41 29
41 30
41 33
41 60
41 61
41 127
102 5
102 20
102 101
102 45
123 107
123 108
123 52
123 109
123 67
123 110
123 111
123 112
123 113
123 114
123 115
123 116
123 117
123 68
123 70
123 120
123 121
123 122
123 118
123 124
124 107
124 108
124 52
124 109
124 67
124 110
124 111
124 112
124 113
124 114
124 115
124 116
124 117
124 68
124 70
124 120
124 121
124 122
124 118
46 28
46 31
46 8
46 43
46 44
46 13
46 20
46 21
46 36
46 16
46 32
46 5
2 51
2 103
2 73
2 7
2 27
2 9
2 104
2 10
2 11
2 12
2 14
2 15
2 77
2 105
2 17
2 64
2 81
2 54
2 55
2 83
2 58
2 22
2 6
2 86
2 29
2 30
2 4
2 33
2 60
2 61
2 94
2 39
51 4
51 73
51 7
51 27
51 9
51 10
51 11
51 12
51 14
51 15
51 77
51 17
51 64
51 81
51 128
51 54
51 55
51 82
51 83
51 57
51 58
51 22
51 6
51 86
51 87
51 29
51 88
51 33
51 61
51 92
51 93
51 94
51 95
51 84
51 60
51 99
103 4
103 6
103 9
103 14
103 48
103 39
73 86
73 61
73 6
73 11
73 12
73 82
73 92
73 14
73 15
73 22
73 93
73 94
73 84
73 58
116 107
116 108
116 52
116 109
116 67
116 110
116 111
116 112
116 113
116 114
116 115
116 117
116 68
116 70
116 120
116 129
116 121
116 122
116 118
8 28
8 5
8 31
8 32
8 43
8 44
8 13
8 20
8 21
8 36
8 16
8 38
9 6
9 7
9 27
9 10
9 11
9 14
9 15
9 77
9 4
9 17
9 64
9 128
9 54
9 55
9 83
9 58
9 22
9 29
9 30
9 33
9 60
9 61
9 94
104 29
104 61
104 6
104 10
104 55
104 15
104 77
104 22
104 17
104 54
33 4
33 6
33 7
33 27
33 10
33 11
33 12
33 14
33 15
33 77
33 17
33 64
33 81
33 54
33 55
33 58
33 22
33 29
33 60
33 61
33 127
11 4
11 7
11 27
11 74
11 92
11 12
11 14
11 76
11 15
11 77
11 17
11 64
11 79
11 80
11 54
11 55
11 81
11 82
11 83
11 57
11 58
11 22
11 6
11 86
11 87
11 29
11 88
11 89
11 10
11 61
11 99
11 93
11 94
11 95
11 84
11 60
11 98
12 4
12 7
12 27
12 74
12 14
12 76
12 15
12 77
12 17
12 78
12 79
12 80
12 64
12 55
12 82
12 57
12 58
12 22
12 6
12 86
12 87
12 29
12 88
12 89
12 10
12 61
12 91
12 92
12 93
12 94
12 95
12 84
12 96
12 98
12 99
75 89
75 92
75 82
75 91
75 98
75 99
75 93
75 84
13 28
13 5
13 31
13 44
13 20
13 21
13 36
13 16
13 45
13 32
13 38
110 108
110 112
110 107
110 111
110 109
110 67
110 70
110 52
14 7
14 27
14 10
14 15
14 77
14 4
14 17
14 64
14 81
14 54
14 55
14 83
14 58
14 22
14 6
14 29
14 60
14 61
14 94
14 95
76 82
76 88
76 98
76 74
76 94
76 92
76 77
76 93
76 84
76 80
76 99
130 53
130 39
130 48
130 49
77 4
77 6
77 27
77 15
77 17
77 64
77 80
77 54
77 55
77 82
77 83
77 58
77 22
77 86
77 87
77 29
77 88
77 74
77 10
77 61
77 92
77 93
77 94
77 127
77 84
77 60
77 99
16 28
16 5
16 31
16 20
16 44
16 43
16 21
16 36
16 27
16 32
16 38
106 48
106 49
45 28
45 5
87 74
87 98
87 78
87 79
87 82
87 84
87 86
87 88
87 89
87 91
87 92
87 93
87 94
87 99
131 28
131 5
131 32
131 36
131 20
131 44
79 96
79 82
79 98
79 92
79 99
79 93
79 84
79 78
79 88
79 94
128 4
128 6
128 61
128 94
128 64
86 10
86 15
86 82
86 84
86 6
86 88
86 92
86 93
86 94
86 99
108 117
108 112
108 107
108 115
108 68
108 109
108 67
108 70
108 121
108 114
108 52
108 120
108 111
108 122
32 28
32 5
32 31
32 44
32 20
32 21
32 36
89 98
89 92
89 93
89 84
44 28
44 5
44 31
44 43
44 36
44 20
44 21
60 4
60 6
60 27
60 15
60 17
60 54
60 55
60 58
60 22
60 10
60 61
61 4
61 7
61 27
61 15
61 105
61 17
61 64
61 81
61 54
61 55
61 83
61 57
61 58
61 22
61 6
61 29
61 10
61 94
61 127
43 28
43 5
43 31
43 20
43 21
43 36
43 27
91 82
91 98
91 88
91 99
91 93
91 84
99 4
99 74
99 80
99 78
99 82
99 84
99 6
99 88
99 92
99 93
99 94
99 96
99 98
95 29
95 4
95 6
95 27
95 64
95 17
4 6
4 7
4 27
4 15
4 17
4 64
4 81
4 54
4 55
4 57
4 58
4 22
4 29
4 10
4 94
4 127
5 36
5 101
5 20
5 21
5 28
5 31
6 7
6 27
6 15
6 105
6 17
6 64
6 3
6 54
6 55
6 81
6 83
6 57
6 58
6 22
6 59
6 29
6 30
6 10
6 94
6 127
6 39
52 117
52 107
52 109
52 67
52 111
52 112
52 113
52 114
52 115
52 68
52 70
52 118
52 120
52 121
52 122
109 107
109 117
109 67
109 118
109 111
109 112
109 113
109 114
109 115
109 68
109 70
109 120
109 129
109 121
109 122
67 107
67 117
67 111
67 112
67 113
67 114
67 115
67 68
67 70
67 118
67 120
67 121
67 122
74 82
74 98
74 94
74 92
74 88
74 93
74 84
74 80
10 7
10 27
10 15
10 105
10 17
10 64
10 81
10 54
10 55
10 83
10 57
10 58
10 22
10 29
10 30
10 94
10 127
10 39
92 78
92 82
92 84
92 88
92 93
92 94
92 96
92 98
49 39
49 48
49 30
49 57
49 53
49 58
118 117
118 112
118 107
118 121
118 113
118 120
118 111
101 20
53 48
53 39
17 7
17 27
17 15
17 64
17 54
17 55
17 83
17 58
17 22
17 29
17 30
17 39
78 84
78 94
111 112
111 107
111 117
111 120
111 121
111 113
111 70
111 122
112 107
112 115
112 68
112 117
112 121
112 113
112 114
112 70
112 122
59 29
105 55
105 15
105 22
105 54
113 117
113 107
113 115
113 68
113 120
113 70
113 121
113 114
113 129
113 122
114 107
114 115
114 68
114 117
114 121
114 70
114 129
83 55
83 7
83 27
83 57
83 58
83 22
83 15
57 27
57 15
57 54
57 58
57 22
57 48
57 29
57 39
115 68
115 117
115 121
115 70
115 129
7 27
7 15
7 64
7 55
7 58
7 22
7 29
7 127
27 15
27 64
27 81
27 54
27 55
27 20
27 58
27 22
27 48
27 28
27 29
27 30
27 127
27 39
96 82
96 88
96 98
96 93
96 84
36 28
36 31
36 20
36 21
36 38
120 107
120 117
120 122
129 117
129 70
129 121
129 122
93 80
93 82
93 84
93 88
93 94
93 98
94 15
94 80
94 64
94 82
94 58
94 22
94 84
94 88
94 98
127 54
127 15
127 22
127 64
127 58
121 68
121 117
121 122
121 70
38 21
122 68
122 117
122 70
39 48
39 30
39 15
107 68
107 117
107 70
98 82
98 84
98 88
15 64
15 54
15 55
15 58
15 22
15 29
15 30
80 82
80 88
80 84
64 81
64 54
64 55
64 58
64 22
81 55
81 58
81 22
54 55
54 58
54 22
54 29
82 84
82 88
55 58
55 22
55 29
20 21
20 28
20 31
21 28
21 31
58 22
58 29
58 48
22 29
84 88
28 31
117 68
117 70
68 70
132 6
132 27
132 9
132 74
132 11
132 12
132 14
132 98
132 77
132 105
132 59
132 55
132 82
132 56
132 83
132 23
132 84
132 26
132 88
132 89
132 90
132 133
132 35
132 134
132 93
132 95
132 25
132 92
132 97
132 76
132 99
1 2
1 4
1 135
1 6
1 7
1 27
1 9
1 10
1 11
1 12
1 14
1 15
1 105
1 17
1 128
1 54
1 136
1 55
1 83
1 58
1 22
1 23
1 84
1 59
1 86
1 33
1 60
1 61
1 35
1 137
1 94
1 95
1 25
1 40
1 41
42 37
42 18
18 28
18 102
18 5
18 31
18 101
18 32
18 43
18 44
18 19
18 13
18 20
18 34
18 21
18 24
18 16
18 45
18 138
18 37
18 100
18 46
50 2
50 48
50 6
50 10
50 49
50 40
50 23
50 62
50 54
63 2
63 6
63 7
63 27
63 9
63 10
63 41
63 14
63 76
63 58
63 77
63 22
63 23
63 25
63 26
63 54
71 56
71 11
71 12
71 82
71 55
71 77
71 84
71 48
138 13
138 32
138 20
138 5
139 28
139 5
139 31
139 32
139 20
139 44
139 19
139 140
139 43
139 34
139 16
139 37
139 46
19 28
19 5
19 31
19 8
19 20
19 44
19 13
19 43
19 34
19 21
19 125
19 16
19 24
19 37
19 32
19 46
56 2
56 135
56 73
56 7
56 27
56 9
56 74
56 10
56 92
56 12
56 99
56 14
56 15
56 77
56 105
56 17
56 79
56 141
56 128
56 54
56 81
56 82
56 55
56 58
56 22
56 23
56 84
56 59
56 26
56 6
56 86
56 87
56 142
56 88
56 89
56 90
56 61
56 133
56 91
56 35
56 11
56 93
56 94
56 95
56 25
56 39
56 60
56 76
56 48
56 143
56 40
56 97
56 41
56 98
56 134
23 2
23 51
23 4
23 135
23 73
23 7
23 27
23 9
23 74
23 10
23 11
23 127
23 14
23 76
23 15
23 77
23 105
23 17
23 64
23 81
23 128
23 54
23 55
23 136
23 83
23 58
23 22
23 84
23 48
23 26
23 6
23 86
23 89
23 33
23 59
23 61
23 133
23 35
23 134
23 94
23 95
23 25
23 60
23 40
23 97
23 41
23 143
24 28
24 102
24 101
24 32
24 144
24 44
24 140
24 20
24 34
24 125
24 145
24 45
24 126
24 37
24 100
24 5
25 2
25 51
25 4
25 6
25 7
25 27
25 9
25 74
25 10
25 14
25 15
25 77
25 105
25 17
25 64
25 81
25 128
25 54
25 55
25 146
25 83
25 58
25 22
25 84
25 59
25 26
25 86
25 29
25 142
25 89
25 33
25 60
25 61
25 133
25 35
25 99
25 137
25 94
25 95
25 136
25 40
25 97
25 41
25 147
39 48
39 73
39 11
39 12
39 82
39 92
39 88
39 99
39 77
39 97
39 93
39 84
39 54
39 26
39 59
26 51
26 135
26 73
26 27
26 9
26 74
26 10
26 92
26 12
26 14
26 76
26 15
26 77
26 80
26 79
26 141
26 54
26 55
26 81
26 82
26 58
26 22
26 59
26 6
26 86
26 87
26 142
26 88
26 104
26 89
26 90
26 61
26 133
26 91
26 11
26 93
26 94
26 84
26 48
26 148
26 97
26 41
26 98
26 99
69 117
69 112
69 107
69 68
69 108
69 52
69 109
69 67
69 70
69 113
69 114
69 110
69 119
69 120
69 116
69 111
69 123
69 124
69 122
90 87
90 98
90 11
90 12
90 82
90 99
90 76
90 92
90 88
90 93
90 84
90 79
90 6
90 59
140 37
140 149
140 5
140 144
140 20
140 101
140 125
140 145
140 45
140 102
140 126
140 100
140 46
133 2
133 73
133 7
133 27
133 9
133 10
133 11
133 12
133 14
133 98
133 15
133 77
133 105
133 141
133 54
133 55
133 136
133 82
133 83
133 58
133 22
133 59
133 6
133 88
133 89
133 61
133 91
133 35
133 92
133 93
133 95
133 84
133 143
133 40
133 97
133 76
133 99
34 28
34 37
34 5
34 31
34 102
34 8
34 20
34 44
34 13
34 43
34 101
34 21
34 16
34 32
34 100
34 46
35 2
35 73
35 7
35 27
35 9
35 74
35 10
35 92
35 127
35 14
35 98
35 15
35 77
35 105
35 17
35 64
35 81
35 128
35 54
35 55
35 82
35 83
35 58
35 22
35 59
35 6
35 86
35 142
35 88
35 89
35 61
35 143
35 95
35 84
35 40
35 41
119 117
119 52
119 109
119 67
119 110
119 124
119 116
119 123
125 28
125 102
125 32
125 144
125 44
125 20
125 16
125 45
125 37
145 28
145 102
145 5
145 144
145 20
145 101
145 45
145 37
145 100
145 46
126 102
126 5
126 45
126 37
37 8
37 13
37 101
37 16
37 45
37 5
37 20
37 21
37 28
37 31
37 32
37 144
37 44
37 43
37 100
37 102
37 46
40 2
40 51
40 73
40 7
40 27
40 9
40 10
40 11
40 12
40 14
40 15
40 77
40 17
40 81
40 128
40 54
40 55
40 146
40 83
40 58
40 22
40 59
40 6
40 89
40 61
40 127
40 95
40 136
40 97
40 41
40 143
40 147
97 2
97 51
97 73
97 7
97 27
97 9
97 74
97 10
97 92
97 12
97 99
97 14
97 76
97 15
97 77
97 17
97 79
97 54
97 55
97 136
97 82
97 83
97 58
97 22
97 48
97 6
97 87
97 142
97 88
97 104
97 89
97 59
97 61
97 11
97 93
97 84
97 60
97 41
97 98
97 134
41 2
41 51
41 6
41 7
41 27
41 9
41 74
41 10
41 11
41 127
41 14
41 76
41 15
41 77
41 17
41 64
41 81
41 128
41 54
41 55
41 83
41 58
41 22
41 59
41 89
41 33
41 60
41 61
41 137
41 94
41 95
41 136
41 143
102 28
102 5
102 31
102 101
102 8
102 144
102 20
102 45
102 100
102 46
123 52
123 109
123 67
123 111
124 113
124 52
124 122
46 28
46 31
46 13
46 32
46 16
46 144
46 44
46 20
46 21
46 43
46 101
46 5
2 51
2 135
2 6
2 7
2 27
2 9
2 74
2 10
2 11
2 14
2 15
2 77
2 17
2 81
2 128
2 54
2 55
2 83
2 58
2 22
2 59
2 86
2 142
2 89
2 33
2 60
2 61
2 99
2 94
2 136
2 143
2 147
51 6
51 7
51 27
51 9
51 74
51 10
51 12
51 14
51 15
51 77
51 17
51 54
51 82
51 55
51 58
51 22
51 59
51 89
51 61
51 93
51 84
103 62
103 48
103 49
135 86
135 6
135 89
135 11
135 12
135 58
135 93
135 94
135 84
135 15
73 6
73 27
73 9
73 10
73 92
73 12
73 14
73 15
73 77
73 58
73 84
73 89
73 11
73 143
73 99
116 52
116 109
116 67
8 5
8 101
8 13
8 20
8 16
9 7
9 27
9 10
9 11
9 12
9 14
9 76
9 15
9 77
9 17
9 81
9 54
9 55
9 136
9 82
9 83
9 58
9 22
9 59
9 6
9 142
9 89
9 60
9 61
9 92
9 84
9 143
9 99
104 12
104 84
104 48
104 59
33 61
33 6
33 7
33 10
33 14
33 58
33 22
33 55
33 17
11 7
11 27
11 74
11 10
11 92
11 12
11 14
11 77
11 17
11 79
11 141
11 128
11 54
11 55
11 82
11 58
11 22
11 84
11 59
11 6
11 86
11 87
11 142
11 88
11 89
11 91
11 143
11 99
11 93
11 94
11 95
11 136
11 60
11 76
11 48
11 98
11 134
12 27
12 74
12 77
12 80
12 79
12 141
12 54
12 55
12 82
12 84
12 59
12 6
12 86
12 87
12 142
12 88
12 89
12 91
12 143
12 134
12 93
12 60
12 76
12 48
12 92
12 98
12 99
150 5
150 44
13 28
13 5
13 31
13 43
13 44
13 20
13 21
13 16
13 32
110 52
110 67
110 114
110 70
14 4
14 7
14 27
14 74
14 127
14 76
14 15
14 77
14 17
14 64
14 81
14 128
14 54
14 55
14 146
14 136
14 83
14 58
14 22
14 59
14 6
14 142
14 89
14 10
14 61
14 99
14 95
14 84
14 147
76 6
76 27
76 74
76 10
76 98
76 87
76 79
76 59
76 82
76 22
76 84
76 88
76 89
76 92
76 93
76 95
76 60
76 99
77 7
77 27
77 10
77 15
77 80
77 81
77 141
77 54
77 55
77 82
77 83
77 58
77 22
77 48
77 6
77 142
77 89
77 59
77 61
77 92
77 93
77 95
77 84
77 143
77 99
16 28
16 5
16 31
16 20
16 44
16 43
16 21
16 32
106 62
106 30
106 48
106 49
45 28
45 31
45 144
45 20
45 101
45 100
45 5
87 60
87 82
87 88
87 95
87 98
87 89
87 74
87 92
87 99
87 79
87 93
87 84
87 141
79 82
79 55
79 6
79 98
79 89
79 92
79 99
79 93
79 84
79 59
128 4
128 6
128 7
128 27
128 10
128 127
128 15
128 17
128 81
128 54
128 55
128 83
128 58
128 22
128 59
128 142
128 61
128 99
128 136
86 6
86 27
86 10
86 15
86 17
86 58
86 22
86 89
86 61
86 92
86 93
86 94
86 84
86 99
108 52
108 109
108 67
108 70
32 28
32 5
32 31
32 43
32 44
32 20
32 21
89 7
89 27
89 74
89 10
89 15
89 105
89 54
89 55
89 82
89 58
89 22
89 59
89 6
89 142
89 88
89 60
89 61
89 134
89 93
89 95
89 84
89 92
89 98
89 99
144 5
144 20
144 101
44 28
44 5
44 31
44 43
44 20
44 21
60 99
60 92
60 61
60 22
60 55
60 84
60 54
61 4
61 6
61 7
61 27
61 74
61 127
61 15
61 105
61 17
61 64
61 81
61 54
61 55
61 136
61 83
61 58
61 22
61 10
61 99
61 94
61 95
61 84
61 143
43 28
43 5
43 31
43 20
43 21
91 92
91 82
91 93
91 84
91 148
143 74
143 10
143 81
143 59
143 82
143 84
143 6
143 88
143 92
143 93
99 27
99 74
99 10
99 15
99 141
99 59
99 136
99 82
99 83
99 58
99 22
99 48
99 6
99 142
99 88
99 92
99 93
99 94
99 95
99 84
99 98
99 134
137 6
137 10
137 58
137 22
137 94
137 15
95 27
95 74
95 15
95 105
95 17
95 59
95 82
95 58
95 22
95 6
95 88
95 84
95 92
95 98
136 6
136 7
136 27
136 10
136 15
136 54
136 55
136 83
136 58
136 22
136 48
136 59
136 134
4 6
4 27
4 58
4 22
4 59
4 54
5 101
5 20
5 28
5 31
5 100
6 7
6 27
6 74
6 15
6 105
6 17
6 64
6 54
6 55
6 81
6 146
6 84
6 82
6 83
6 58
6 22
6 59
6 29
6 142
6 10
6 93
6 94
6 127
6 92
6 98
6 147
52 70
52 107
52 68
52 117
52 109
52 67
52 118
52 113
52 114
52 151
52 120
52 111
52 122
109 107
109 117
109 118
109 67
109 70
109 114
109 120
109 151
109 111
67 107
67 117
67 120
67 70
67 114
67 118
67 151
67 111
74 7
74 10
74 15
74 54
74 55
74 98
74 82
74 58
74 22
74 59
74 88
74 93
74 94
74 84
74 92
10 7
10 27
10 127
10 15
10 105
10 17
10 64
10 81
10 54
10 55
10 84
10 83
10 58
10 22
10 48
10 29
10 59
10 94
10 134
92 27
92 105
92 80
92 59
92 55
92 98
92 141
92 82
92 58
92 84
92 48
92 142
92 88
92 93
92 94
92 148
92 134
49 48
49 53
49 62
49 30
118 111
118 151
101 28
101 20
101 100
152 48
53 48
17 7
17 27
17 127
17 15
17 105
17 64
17 54
17 55
17 83
17 58
17 22
17 59
17 94
111 107
111 70
111 120
141 82
141 98
141 93
141 84
59 27
59 15
59 105
59 80
59 54
59 55
59 98
59 84
59 82
59 58
59 22
59 48
59 142
59 88
59 93
105 27
105 98
105 15
105 82
105 58
105 88
105 94
105 84
113 117
113 114
114 117
83 7
83 27
83 15
83 81
83 54
83 55
83 58
83 22
7 27
7 127
7 15
7 54
7 55
7 58
7 22
7 142
7 147
148 82
148 93
148 84
27 15
27 81
27 55
27 84
27 82
27 58
27 22
27 54
27 142
27 93
27 94
27 127
27 98
134 82
134 84
134 48
120 107
93 55
93 82
93 48
93 142
93 88
93 84
93 98
94 15
94 82
94 58
94 22
94 84
127 15
127 22
127 54
127 58
100 31
100 20
62 30
62 48
98 82
98 84
98 142
98 88
15 64
15 81
15 55
15 84
15 58
15 22
15 54
80 84
64 22
64 58
64 54
81 54
81 55
81 58
81 22
81 84
54 55
54 84
54 58
54 22
54 142
54 147
146 55
146 58
146 22
82 55
82 58
82 48
82 142
82 88
82 84
55 84
55 58
55 22
55 88
55 48
55 147
20 21
20 28
20 31
21 28
58 22
58 147
22 84
84 142
84 88
84 48
48 30
48 88
28 31
132 73
132 74
132 11
132 12
132 99
132 98
132 153
132 80
132 79
132 59
132 56
132 82
132 87
132 154
132 58
132 84
132 48
132 26
132 142
132 88
132 89
132 155
132 90
132 133
132 91
132 35
132 92
132 93
132 156
132 49
132 39
132 60
132 97
132 76
132 157
132 134
1 158
1 74
1 43
1 92
1 82
1 20
1 84
18 5
18 31
18 32
18 158
18 20
18 21
18 16
18 37
47 106
47 48
47 49
50 159
50 48
50 12
50 92
50 49
50 82
50 56
50 76
50 99
50 160
50 97
50 106
50 143
50 84
50 62
50 54
161 48
161 162
161 49
161 59
161 54
161 163
159 106
159 49
159 54
159 48
139 60
139 5
139 61
139 164
139 7
139 22
139 10
139 165
139 19
139 41
139 20
139 58
139 77
139 166
139 23
139 153
139 25
139 15
19 28
19 5
19 31
19 32
19 158
19 13
19 20
19 34
19 21
19 16
19 167
19 37
19 46
56 2
56 6
56 7
56 74
56 10
56 11
56 12
56 98
56 15
56 77
56 153
56 17
56 79
56 80
56 59
56 82
56 55
56 154
56 58
56 22
56 23
56 84
56 26
56 35
56 87
56 142
56 164
56 166
56 89
56 127
56 155
56 90
56 61
56 133
56 91
56 88
56 134
56 160
56 93
56 49
56 95
56 136
56 60
56 25
56 92
56 165
56 97
56 76
56 157
56 99
23 2
23 4
23 73
23 7
23 9
23 74
23 10
23 11
23 12
23 14
23 76
23 15
23 77
23 105
23 153
23 17
23 64
23 79
23 80
23 59
23 55
23 136
23 82
23 83
23 58
23 22
23 84
23 26
23 6
23 86
23 87
23 29
23 164
23 166
23 89
23 155
23 60
23 61
23 133
23 91
23 88
23 134
23 93
23 94
23 127
23 25
23 165
23 92
23 40
23 97
23 41
23 35
23 99
24 37
24 5
24 52
24 144
24 165
24 140
24 101
24 21
24 69
24 145
24 45
24 126
24 102
24 100
24 167
25 2
25 153
25 103
25 135
25 6
25 7
25 9
25 74
25 10
25 11
25 12
25 14
25 76
25 15
25 77
25 105
25 4
25 17
25 64
25 80
25 54
25 55
25 165
25 83
25 58
25 22
25 59
25 26
25 86
25 29
25 142
25 164
25 166
25 33
25 60
25 61
25 133
25 91
25 35
25 92
25 94
25 127
25 95
25 136
25 40
25 97
25 41
25 155
25 99
62 12
62 49
62 60
62 76
62 168
62 153
62 106
62 143
62 48
62 95
62 39
26 2
26 6
26 7
26 9
26 74
26 10
26 11
26 12
26 14
26 76
26 15
26 77
26 153
26 80
26 64
26 79
26 59
26 55
26 82
26 83
26 154
26 58
26 22
26 86
26 87
26 142
26 164
26 166
26 89
26 127
26 155
26 90
26 61
26 133
26 91
26 88
26 134
26 93
26 94
26 49
26 95
26 84
26 60
26 165
26 35
26 92
26 40
26 97
26 41
26 98
26 157
26 99
69 52
69 109
69 67
69 144
69 124
69 165
69 140
69 101
69 119
69 145
69 45
69 126
69 102
69 111
69 100
69 167
167 102
167 5
167 101
167 52
167 145
167 158
167 144
167 165
167 140
167 20
167 34
167 100
167 16
167 45
167 126
167 37
90 2
90 6
90 7
90 9
90 74
90 165
90 11
90 12
90 98
90 77
90 153
90 87
90 79
90 59
90 82
90 55
90 58
90 22
90 84
90 88
90 166
90 89
90 60
90 61
90 133
90 91
90 92
90 93
90 97
90 76
90 157
90 99
140 149
140 37
140 5
140 52
140 46
140 144
140 165
140 101
140 100
140 145
140 45
140 126
140 102
133 2
133 87
133 7
133 9
133 74
133 10
133 11
133 12
133 98
133 15
133 77
133 153
133 64
133 79
133 59
133 136
133 82
133 58
133 22
133 6
133 164
133 166
133 89
133 127
133 165
133 61
133 91
133 134
133 93
133 94
133 49
133 84
133 60
133 92
133 40
133 97
133 76
133 157
133 99
34 28
34 37
34 5
34 31
34 32
34 158
34 44
34 13
34 20
34 21
34 16
34 46
35 2
35 103
35 135
35 6
35 7
35 9
35 74
35 10
35 11
35 12
35 14
35 76
35 15
35 77
35 153
35 4
35 17
35 64
35 80
35 54
35 55
35 136
35 82
35 83
35 58
35 22
35 59
35 86
35 29
35 164
35 166
35 89
35 127
35 33
35 60
35 61
35 91
35 92
35 94
35 49
35 95
35 84
35 165
35 40
35 97
35 41
35 99
119 109
119 67
160 92
160 49
160 82
160 76
160 99
160 97
160 84
160 12
145 37
145 52
145 144
145 165
145 101
145 100
145 45
145 126
145 102
126 37
126 52
126 144
126 165
126 101
126 100
126 45
126 102
37 5
37 165
37 150
37 13
37 101
37 16
37 45
37 20
37 21
37 28
37 169
37 31
37 32
37 158
37 144
37 44
37 43
37 102
37 46
40 2
40 103
40 6
40 7
40 9
40 74
40 10
40 11
40 12
40 14
40 15
40 77
40 4
40 17
40 64
40 55
40 83
40 58
40 22
40 86
40 164
40 166
40 155
40 61
40 91
40 99
40 94
40 136
40 97
40 41
97 2
97 73
97 7
97 9
97 74
97 10
97 11
97 49
97 14
97 76
97 15
97 77
97 153
97 17
97 79
97 59
97 55
97 136
97 82
97 58
97 22
97 6
97 86
97 87
97 142
97 88
97 89
97 155
97 61
97 91
97 134
97 93
97 94
97 127
97 84
97 60
97 12
97 92
97 41
97 98
97 157
97 99
41 2
41 135
41 73
41 7
41 9
41 74
41 10
41 11
41 12
41 14
41 76
41 15
41 77
41 153
41 17
41 64
41 80
41 59
41 55
41 83
41 58
41 22
41 6
41 86
41 29
41 142
41 164
41 166
41 165
41 60
41 61
41 92
41 94
41 136
41 155
41 134
102 149
102 5
102 52
102 46
102 144
102 165
102 101
102 21
102 100
102 45
157 87
157 74
157 11
157 12
157 98
157 77
157 153
157 79
157 59
157 164
157 82
157 84
157 86
157 142
157 88
157 166
157 89
157 91
157 134
157 93
157 127
157 136
157 60
157 92
157 76
157 99
124 52
124 109
46 5
46 13
46 32
46 158
46 165
46 20
46 16
2 4
2 135
2 6
2 7
2 9
2 74
2 10
2 11
2 12
2 14
2 76
2 15
2 77
2 153
2 105
2 17
2 64
2 79
2 80
2 54
2 55
2 165
2 83
2 58
2 22
2 59
2 86
2 29
2 164
2 166
2 33
2 61
2 91
2 92
2 94
2 136
2 60
2 134
103 6
103 7
103 9
103 74
103 10
103 165
103 164
103 14
103 58
103 22
103 95
103 17
103 15
135 6
135 7
135 166
135 9
135 74
135 49
135 106
135 14
135 58
135 22
135 153
135 48
135 15
73 6
73 89
73 10
73 92
73 12
73 55
73 79
7 6
7 9
7 74
7 10
7 11
7 12
7 14
7 15
7 77
7 153
7 17
7 64
7 79
7 80
7 54
7 55
7 83
7 58
7 22
7 59
7 86
7 29
7 4
7 164
7 166
7 89
7 165
7 61
7 91
7 92
7 94
7 127
7 95
7 136
7 60
7 155
9 6
9 74
9 10
9 11
9 14
9 76
9 15
9 77
9 153
9 17
9 64
9 80
9 59
9 55
9 83
9 58
9 22
9 86
9 29
9 4
9 164
9 166
9 89
9 165
9 61
9 91
9 134
9 94
9 155
9 136
9 60
9 92
9 99
33 142
33 6
33 10
33 165
33 55
33 14
33 58
11 6
11 74
11 10
11 92
11 49
11 14
11 98
11 15
11 77
11 153
11 17
11 79
11 80
11 59
11 55
11 164
11 82
11 154
11 58
11 86
11 87
11 142
11 88
11 166
11 89
11 155
11 61
11 91
11 99
11 93
11 94
11 127
11 84
11 60
11 165
11 12
11 76
11 134
12 4
12 74
12 10
12 49
12 14
12 76
12 15
12 77
12 153
12 80
12 64
12 79
12 59
12 55
12 164
12 136
12 82
12 58
12 22
12 6
12 86
12 87
12 88
12 166
12 89
12 165
12 61
12 91
12 134
12 93
12 94
12 95
12 84
12 60
12 48
12 92
12 98
12 99
150 5
150 32
150 158
150 21
150 16
13 169
13 5
13 32
13 158
13 20
13 21
13 16
110 52
110 109
110 67
14 6
14 74
14 10
14 15
14 77
14 153
14 4
14 17
14 64
14 80
14 59
14 165
14 55
14 83
14 58
14 22
14 86
14 164
14 166
14 60
14 61
14 91
14 134
14 94
14 155
76 6
76 74
76 10
76 98
76 15
76 77
76 106
76 153
76 80
76 79
76 59
76 55
76 164
76 82
76 83
76 58
76 22
76 87
76 88
76 166
76 89
76 165
76 61
76 91
76 134
76 93
76 49
76 95
76 84
76 60
76 48
76 92
76 99
130 48
130 49
77 4
77 6
77 74
77 10
77 15
77 153
77 17
77 64
77 79
77 80
77 59
77 55
77 136
77 83
77 58
77 22
77 86
77 87
77 29
77 164
77 166
77 89
77 165
77 61
77 91
77 134
77 94
77 127
77 84
77 60
77 92
77 155
77 99
16 169
16 5
16 31
16 32
16 158
16 43
16 44
16 20
16 21
106 163
106 48
106 54
106 49
106 153
106 143
106 95
106 39
45 149
45 144
45 165
45 101
45 100
45 52
79 74
79 153
79 87
79 59
79 82
79 58
79 22
79 84
79 6
79 88
79 166
79 89
79 60
79 61
79 91
79 99
79 93
79 92
79 98
162 48
162 49
162 59
162 54
162 163
163 49
163 54
163 48
163 59
86 87
86 74
86 10
86 15
86 153
86 64
86 82
86 55
86 58
86 22
86 6
86 166
86 155
86 60
86 61
86 99
86 94
86 127
86 84
164 6
164 74
164 10
164 15
164 153
164 17
164 64
164 80
164 59
164 55
164 58
164 22
164 142
164 4
164 166
164 165
164 60
164 61
164 91
164 92
164 95
164 136
166 4
166 6
166 74
166 10
166 15
166 153
166 105
166 17
166 64
166 59
166 55
166 83
166 58
166 22
166 29
166 165
166 61
166 91
166 92
166 136
166 60
166 134
32 5
32 31
32 158
32 44
32 20
32 21
89 74
89 49
89 15
89 153
89 17
89 59
89 55
89 82
89 58
89 84
89 87
89 142
89 88
89 61
89 91
89 134
89 93
89 127
89 136
89 60
89 92
89 98
89 99
158 28
158 5
158 31
158 43
158 44
158 20
158 21
144 5
144 149
144 165
144 101
144 100
144 52
44 20
155 6
155 10
155 127
155 15
155 80
155 64
155 59
155 55
155 82
155 154
155 58
155 22
155 87
155 142
155 92
155 94
155 84
60 6
60 74
60 10
60 99
60 15
60 153
60 87
60 64
60 59
60 55
60 136
60 82
60 83
60 58
60 88
60 165
60 61
60 91
60 22
60 93
60 94
60 49
60 95
60 84
60 48
60 92
60 98
60 134
61 4
61 6
61 74
61 10
61 15
61 153
61 105
61 17
61 64
61 80
61 59
61 55
61 83
61 58
61 22
61 142
61 165
61 91
61 134
61 94
61 136
43 5
43 20
91 4
91 6
91 74
91 10
91 99
91 15
91 153
91 87
91 64
91 59
91 55
91 82
91 58
91 88
91 22
91 93
91 84
91 92
91 98
91 134
143 49
143 48
99 6
99 74
99 49
99 15
99 17
99 59
99 82
99 58
99 87
99 88
99 92
99 93
99 94
99 127
99 84
99 98
99 134
95 6
95 74
95 10
95 92
95 153
95 80
95 59
95 82
95 58
95 22
95 87
95 165
95 93
95 49
95 84
95 39
95 48
136 4
136 6
136 74
136 10
136 15
136 17
136 64
136 55
136 58
136 22
136 87
136 142
136 165
136 93
136 94
136 84
4 6
4 74
4 15
4 64
4 55
4 58
4 22
4 94
5 165
5 20
5 21
5 169
5 31
6 74
6 15
6 153
6 17
6 64
6 80
6 59
6 55
6 165
6 83
6 58
6 22
6 54
6 29
6 142
6 10
6 94
6 127
6 92
6 134
52 149
52 100
52 70
52 109
52 67
52 120
52 165
52 101
52 111
109 67
109 70
109 120
109 129
67 70
67 120
67 129
74 10
74 15
74 153
74 17
74 64
74 59
74 22
74 55
74 84
74 82
74 83
74 58
74 88
74 87
74 165
74 93
74 94
74 92
74 98
74 134
10 15
10 153
10 105
10 17
10 64
10 80
10 59
10 55
10 165
10 83
10 58
10 22
10 54
10 29
10 92
10 94
10 127
10 134
92 15
92 153
92 80
92 59
92 22
92 55
92 82
92 154
92 58
92 88
92 87
92 142
92 93
92 49
92 84
92 165
92 98
92 134
49 3
49 153
49 53
49 59
49 82
49 58
49 84
49 168
49 39
49 48
49 54
169 20
169 21
101 149
101 165
101 100
53 48
17 15
17 64
17 55
17 83
17 58
17 22
17 29
17 165
17 94
59 15
59 153
59 80
59 64
59 55
59 82
59 83
59 154
59 58
59 22
59 54
59 87
59 142
59 93
59 84
59 39
59 48
59 165
59 156
59 134
105 15
105 64
87 153
87 80
87 82
87 154
87 84
87 142
87 88
87 93
87 127
87 98
87 134
83 15
83 153
83 55
83 58
83 22
83 165
83 134
149 165
165 15
165 153
165 64
165 134
165 55
165 21
165 58
165 142
165 22
165 100
156 153
156 39
156 48
134 15
134 153
134 55
134 82
134 22
134 84
134 93
134 94
93 153
93 82
93 84
93 142
93 88
93 127
93 98
94 15
94 64
94 55
94 58
94 22
94 127
127 64
127 58
127 22
127 84
39 48
39 153
3 48
98 82
98 84
98 88
15 153
15 64
15 80
15 55
15 58
15 22
15 54
15 29
153 64
153 80
153 22
153 55
153 82
153 58
153 88
153 29
153 142
153 84
153 48
80 82
80 154
80 58
80 22
80 54
80 142
80 84
64 55
64 58
64 22
64 142
54 48
54 58
54 22
82 154
82 58
82 84
82 142
82 88
55 58
55 22
55 29
20 28
20 31
20 21
154 142
154 84
21 31
58 84
58 22
58 29
58 142
22 29
22 142
84 142
84 88
48 168
132 1
132 2
132 170
132 73
132 7
132 9
132 74
132 10
132 11
132 12
132 98
132 15
132 77
132 153
132 87
132 78
132 79
132 141
132 54
132 64
132 56
132 171
132 82
132 55
132 35
132 58
132 172
132 22
132 23
132 84
132 59
132 26
132 6
132 86
132 40
132 164
132 166
132 89
132 90
132 61
132 133
132 91
132 88
132 92
132 173
132 93
132 94
132 49
132 25
132 60
132 174
132 143
132 136
132 97
132 41
132 76
132 157
132 99
1 2
1 6
1 7
1 9
1 74
1 10
1 11
1 49
1 14
1 76
1 15
1 153
1 175
1 64
1 141
1 54
1 55
1 84
1 56
1 58
1 22
1 23
1 17
1 26
1 86
1 87
1 164
1 166
1 89
1 176
1 61
1 133
1 94
1 139
1 25
1 12
1 40
1 41
42 20
42 149
42 5
18 13
18 158
18 165
50 86
50 2
50 6
50 7
50 74
50 10
50 60
50 133
50 58
50 22
50 41
50 64
63 2
63 73
63 7
63 9
63 74
63 10
63 60
63 61
63 58
63 22
63 23
63 41
63 64
63 15
65 86
65 2
65 6
65 49
65 60
65 137
65 23
65 25
65 48
65 94
65 54
170 90
170 88
170 79
170 89
170 92
170 82
170 87
170 76
170 99
170 153
170 93
170 84
170 78
170 26
170 157
72 62
72 48
159 62
159 48
159 49
177 48
177 49
19 5
19 52
19 178
19 165
19 13
19 101
19 16
19 45
19 20
19 149
19 167
19 32
19 158
19 144
19 44
19 140
19 43
19 34
19 145
19 126
19 37
19 102
19 46
56 2
56 3
56 73
56 7
56 9
56 74
56 10
56 11
56 12
56 14
56 76
56 15
56 77
56 179
56 153
56 87
56 78
56 79
56 141
56 54
56 64
56 171
56 82
56 55
56 83
56 58
56 172
56 22
56 23
56 84
56 59
56 26
56 6
56 86
56 40
56 164
56 104
56 166
56 89
56 33
56 90
56 61
56 133
56 91
56 88
56 92
56 173
56 93
56 94
56 49
56 180
56 25
56 60
56 174
56 35
56 136
56 97
56 41
56 98
56 157
56 99
100 108
100 37
100 5
100 52
100 46
100 158
100 144
100 165
100 140
100 101
100 45
100 126
100 102
100 69
100 167
23 2
23 135
23 73
23 7
23 9
23 74
23 10
23 11
23 12
23 14
23 15
23 77
23 153
23 17
23 64
23 54
23 55
23 181
23 82
23 83
23 58
23 172
23 22
23 25
23 48
23 26
23 6
23 86
23 87
23 164
23 166
23 89
23 59
23 61
23 133
23 35
23 92
23 137
23 94
23 49
23 95
23 136
23 60
23 156
23 40
23 97
23 41
23 143
23 157
24 37
24 5
24 52
24 158
24 165
24 144
24 140
24 101
24 167
24 125
24 16
24 45
24 126
24 102
24 69
24 46
25 2
25 4
25 73
25 7
25 9
25 74
25 10
25 11
25 12
25 14
25 76
25 15
25 77
25 153
25 17
25 64
25 141
25 54
25 139
25 55
25 181
25 175
25 171
25 82
25 83
25 58
25 22
25 84
25 48
25 26
25 6
25 86
25 87
25 29
25 164
25 166
25 89
25 155
25 60
25 61
25 133
25 35
25 92
25 137
25 94
25 49
25 95
25 136
25 80
25 40
25 97
25 41
25 143
25 157
62 48
62 30
62 49
62 35
62 106
62 54
26 2
26 73
26 7
26 9
26 74
26 10
26 11
26 12
26 14
26 76
26 15
26 77
26 153
26 87
26 78
26 79
26 141
26 54
26 64
26 55
26 136
26 82
26 83
26 58
26 172
26 22
26 59
26 6
26 86
26 142
26 164
26 104
26 166
26 89
26 168
26 90
26 61
26 133
26 91
26 88
26 134
26 137
26 173
26 93
26 94
26 49
26 84
26 171
26 60
26 174
26 35
26 92
26 143
26 40
26 97
26 41
26 98
26 157
26 155
26 99
69 5
69 52
69 109
69 67
69 165
69 13
69 101
69 16
69 45
69 20
69 21
69 167
69 108
69 158
69 144
69 140
69 34
69 119
69 145
69 126
69 37
69 102
69 46
167 5
167 52
167 165
167 13
167 101
167 16
167 45
167 20
167 21
167 149
167 108
167 31
167 158
167 144
167 140
167 34
167 125
167 145
167 126
167 37
167 102
167 46
90 73
90 9
90 74
90 11
90 12
90 98
90 77
90 153
90 80
90 78
90 79
90 141
90 59
90 82
90 55
90 35
90 58
90 22
90 84
90 6
90 86
90 87
90 142
90 164
90 89
90 60
90 133
90 91
90 88
90 134
90 173
90 93
90 136
90 92
90 97
90 76
90 157
90 99
140 5
140 52
140 165
140 13
140 101
140 16
140 45
140 21
140 38
140 108
140 158
140 144
140 34
140 125
140 145
140 126
140 37
140 102
140 46
133 2
133 73
133 7
133 9
133 74
133 10
133 11
133 12
133 14
133 76
133 15
133 77
133 179
133 153
133 17
133 78
133 79
133 141
133 54
133 64
133 55
133 164
133 136
133 82
133 83
133 58
133 172
133 22
133 48
133 6
133 86
133 87
133 59
133 104
133 166
133 89
133 61
133 35
133 88
133 134
133 173
133 93
133 94
133 49
133 95
133 84
133 80
133 60
133 92
133 143
133 40
133 97
133 41
133 98
133 157
133 99
34 28
34 102
34 5
34 13
34 52
34 32
34 46
34 158
34 144
34 165
34 20
34 101
34 178
34 16
34 45
34 126
34 37
35 2
35 73
35 7
35 9
35 74
35 10
35 11
35 12
35 14
35 76
35 15
35 77
35 179
35 153
35 17
35 64
35 79
35 141
35 59
35 55
35 136
35 82
35 83
35 58
35 172
35 22
35 6
35 87
35 164
35 166
35 89
35 33
35 61
35 143
35 92
35 93
35 49
35 95
35 84
35 60
35 48
35 40
35 97
35 41
35 157
35 134
119 52
119 109
119 67
125 108
125 37
125 5
125 52
125 46
125 144
125 165
125 101
125 45
125 126
125 102
145 102
145 5
145 52
145 144
145 165
145 101
145 45
145 126
145 37
126 5
126 52
126 165
126 13
126 101
126 16
126 45
126 20
126 21
126 108
126 158
126 144
126 37
126 102
126 46
37 5
37 52
37 165
37 13
37 101
37 16
37 45
37 20
37 21
37 149
37 108
37 158
37 144
37 43
37 102
37 46
40 2
40 73
40 7
40 9
40 74
40 10
40 11
40 12
40 14
40 76
40 15
40 77
40 179
40 153
40 87
40 64
40 171
40 54
40 139
40 55
40 136
40 82
40 83
40 58
40 172
40 176
40 48
40 6
40 86
40 164
40 166
40 89
40 155
40 59
40 61
40 22
40 94
40 49
40 95
40 84
40 60
40 92
40 97
40 41
40 143
40 157
97 2
97 3
97 135
97 73
97 7
97 9
97 74
97 10
97 11
97 12
97 76
97 15
97 77
97 179
97 153
97 80
97 78
97 79
97 141
97 54
97 64
97 55
97 164
97 136
97 82
97 83
97 58
97 172
97 22
97 59
97 6
97 86
97 87
97 142
97 88
97 166
97 89
97 168
97 61
97 91
97 92
97 137
97 173
97 93
97 94
97 49
97 84
97 171
97 60
97 48
97 174
97 143
97 41
97 98
97 157
97 99
41 2
41 73
41 7
41 9
41 74
41 10
41 11
41 12
41 14
41 76
41 15
41 77
41 179
41 153
41 17
41 64
41 80
41 54
41 139
41 55
41 95
41 175
41 136
41 82
41 83
41 58
41 22
41 6
41 86
41 87
41 29
41 164
41 166
41 89
41 155
41 60
41 61
41 92
41 94
41 49
41 180
41 84
41 143
41 157
173 73
173 9
173 11
173 12
173 98
173 77
173 153
173 87
173 78
173 141
173 82
173 55
173 172
173 84
173 86
173 164
173 89
173 92
173 93
173 60
173 76
173 157
173 99
102 5
102 52
102 165
102 13
102 101
102 16
102 45
102 20
102 21
102 149
102 108
102 158
102 144
102 38
102 46
157 2
157 3
157 77
157 73
157 7
157 9
157 74
157 10
157 11
157 12
157 76
157 15
157 153
157 87
157 78
157 79
157 141
157 59
157 64
157 55
157 98
157 164
157 82
157 83
157 58
157 172
157 22
157 6
157 86
157 88
157 104
157 166
157 89
157 61
157 91
157 134
157 93
157 49
157 84
157 60
157 92
157 143
157 99
124 109
124 67
46 5
46 52
46 165
46 13
46 101
46 16
46 45
46 20
46 21
46 108
46 158
46 144
46 44
2 73
2 7
2 9
2 74
2 10
2 11
2 12
2 14
2 15
2 77
2 179
2 153
2 17
2 64
2 80
2 54
2 55
2 171
2 82
2 83
2 58
2 172
2 22
2 48
2 6
2 86
2 87
2 164
2 166
2 89
2 33
2 59
2 61
2 92
2 137
2 94
2 49
2 95
2 136
2 60
2 174
2 143
135 86
135 9
135 6
135 89
135 74
135 10
135 49
135 60
135 164
135 14
135 156
135 22
135 58
135 64
135 54
73 6
73 7
73 9
73 74
73 10
73 11
73 14
73 76
73 15
73 77
73 153
73 87
73 78
73 79
73 141
73 59
73 64
73 55
73 82
73 83
73 58
73 172
73 22
73 86
73 164
73 166
73 89
73 61
73 91
73 92
73 93
73 84
73 60
73 143
73 99
7 9
7 74
7 10
7 11
7 12
7 14
7 15
7 77
7 153
7 17
7 64
7 80
7 54
7 55
7 175
7 136
7 82
7 83
7 58
7 172
7 22
7 48
7 6
7 86
7 87
7 29
7 164
7 166
7 89
7 60
7 61
7 92
7 94
7 49
7 84
7 171
7 143
9 74
9 10
9 11
9 12
9 14
9 76
9 15
9 77
9 179
9 153
9 17
9 78
9 79
9 141
9 54
9 64
9 55
9 164
9 136
9 82
9 83
9 58
9 172
9 22
9 48
9 6
9 86
9 87
9 59
9 166
9 89
9 155
9 61
9 91
9 92
9 93
9 94
9 49
9 84
9 80
9 171
9 60
9 174
9 143
9 99
104 86
104 60
104 153
104 87
104 89
104 164
104 11
104 12
104 82
104 76
104 92
104 22
104 93
104 84
104 141
104 59
33 61
33 164
33 60
11 3
11 4
11 10
11 92
11 12
11 76
11 15
11 77
11 179
11 153
11 80
11 78
11 79
11 141
11 54
11 64
11 55
11 98
11 164
11 82
11 83
11 58
11 172
11 22
11 59
11 6
11 86
11 87
11 142
11 88
11 74
11 166
11 89
11 61
11 91
11 99
11 93
11 94
11 49
11 84
11 60
11 143
11 134
12 3
12 6
12 10
12 76
12 15
12 77
12 153
12 17
12 78
12 79
12 141
12 59
12 64
12 55
12 98
12 164
12 136
12 82
12 58
12 22
12 86
12 87
12 142
12 88
12 74
12 166
12 89
12 168
12 61
12 91
12 134
12 93
12 84
12 80
12 60
12 92
12 99
13 5
13 31
13 101
13 52
13 158
13 144
13 165
13 20
13 16
13 45
110 109
110 67
14 74
14 10
14 15
14 77
14 153
14 64
14 54
14 55
14 83
14 58
14 176
14 6
14 86
14 164
14 166
14 22
14 60
14 61
14 139
14 136
14 143
76 3
76 77
76 10
76 98
76 153
76 87
76 78
76 79
76 141
76 59
76 55
76 164
76 136
76 82
76 58
76 172
76 22
76 6
76 86
76 88
76 74
76 166
76 89
76 91
76 134
76 93
76 84
76 60
76 92
76 143
76 99
130 48
130 49
77 74
77 10
77 15
77 153
77 17
77 78
77 141
77 54
77 64
77 55
77 180
77 98
77 136
77 82
77 83
77 58
77 172
77 22
77 59
77 6
77 86
77 87
77 164
77 166
77 89
77 61
77 92
77 93
77 94
77 49
77 95
77 84
77 171
77 60
77 143
77 99
16 5
16 52
16 178
16 165
16 101
16 45
16 20
16 28
16 32
16 158
16 144
16 44
16 43
106 48
106 49
45 5
45 52
45 165
45 101
45 20
45 21
45 149
45 108
45 158
45 144
175 6
175 166
175 22
86 10
86 15
86 153
86 87
86 78
86 79
86 141
86 54
86 64
86 55
86 180
86 98
86 164
86 171
86 82
86 83
86 58
86 22
86 48
86 6
86 59
86 74
86 166
86 89
86 61
86 88
86 92
86 137
86 93
86 94
86 49
86 181
86 84
86 60
86 156
86 99
108 5
108 52
108 158
108 144
108 165
108 113
108 101
108 21
164 15
164 153
164 80
164 64
164 79
164 141
164 54
164 55
164 136
164 82
164 83
164 58
164 176
164 48
164 6
164 87
164 59
164 88
164 74
164 166
164 89
164 10
164 61
164 91
164 22
164 93
164 156
164 49
164 95
164 84
164 60
164 92
164 99
166 74
166 10
166 15
166 153
166 17
166 64
166 54
166 55
166 180
166 141
166 82
166 83
166 58
166 176
166 48
166 6
166 87
166 89
166 59
166 61
166 22
166 93
166 49
166 95
166 136
166 80
166 60
166 84
166 92
166 143
166 99
32 28
32 158
32 43
32 44
32 20
89 3
89 10
89 15
89 179
89 153
89 80
89 78
89 79
89 141
89 54
89 64
89 55
89 98
89 136
89 82
89 83
89 58
89 74
89 88
89 59
89 6
89 87
89 142
89 172
89 22
89 61
89 91
89 92
89 137
89 93
89 94
89 49
89 180
89 84
89 171
89 60
89 156
89 174
89 143
89 99
158 5
158 52
158 165
158 101
158 20
158 144
158 44
158 43
144 5
144 52
144 165
144 101
144 20
144 21
144 149
144 38
155 10
155 58
155 22
155 64
155 15
60 168
60 15
60 153
60 17
60 78
60 79
60 141
60 54
60 64
60 55
60 98
60 136
60 82
60 83
60 58
60 74
60 22
60 59
60 6
60 87
60 142
60 10
60 61
60 134
60 137
60 93
60 94
60 49
60 84
60 48
60 156
60 92
60 99
61 74
61 15
61 153
61 17
61 64
61 80
61 54
61 55
61 136
61 82
61 83
61 58
61 172
61 22
61 48
61 6
61 87
61 59
61 10
61 92
61 94
61 49
61 95
61 84
91 87
91 79
91 141
91 59
91 82
91 84
91 6
91 88
91 92
91 93
91 98
91 99
143 74
143 10
143 15
143 153
143 17
143 64
143 59
143 82
143 6
143 172
143 22
143 87
143 92
143 93
143 84
99 74
99 15
99 153
99 87
99 78
99 79
99 141
99 59
99 98
99 82
99 58
99 172
99 84
99 6
99 88
99 92
99 93
99 136
137 64
137 6
137 49
137 54
137 22
137 48
137 94
137 58
95 55
95 74
95 10
95 58
95 22
95 153
95 64
95 6
95 15
136 6
136 74
136 10
136 92
136 15
136 153
136 17
136 64
136 141
136 22
136 55
136 82
136 83
136 58
136 88
136 49
136 84
136 98
174 55
174 6
174 49
174 15
4 6
4 64
4 22
5 52
5 165
5 101
5 113
5 20
5 21
5 149
5 31
5 38
6 74
6 10
6 15
6 176
6 179
6 153
6 17
6 64
6 79
6 54
6 139
6 55
6 181
6 84
6 82
6 83
6 58
6 172
6 22
6 48
6 87
6 29
6 59
6 93
6 94
6 49
6 80
6 171
6 92
6 180
6 134
52 109
52 67
52 165
52 101
52 20
52 21
52 149
52 38
109 67
109 122
74 10
74 176
74 15
74 179
74 153
74 17
74 64
74 79
74 171
74 54
74 139
74 55
74 84
74 82
74 83
74 58
74 22
74 59
74 87
74 93
74 94
74 49
74 156
74 92
10 15
10 153
10 17
10 64
10 80
10 54
10 55
10 180
10 171
10 82
10 83
10 58
10 172
10 176
10 48
10 87
10 59
10 22
10 94
10 49
10 92
92 15
92 153
92 80
92 78
92 79
92 141
92 59
92 22
92 64
92 55
92 98
92 84
92 82
92 58
92 88
92 87
92 142
92 172
92 168
92 93
92 49
49 153
49 87
49 171
49 54
49 64
49 55
49 84
49 82
49 83
49 58
49 22
49 59
49 30
49 94
49 48
49 15
101 165
101 113
101 20
101 21
101 149
101 38
179 55
179 58
179 153
179 64
17 15
17 64
17 58
17 22
78 98
78 153
78 87
78 79
78 141
78 82
78 172
78 84
78 88
78 93
79 3
79 153
79 80
79 141
79 59
79 22
79 82
79 58
79 88
79 84
79 87
79 93
79 134
141 15
141 153
141 87
141 59
141 22
141 55
141 98
141 84
141 82
141 58
141 172
141 88
141 93
59 15
59 153
59 87
59 64
59 55
59 98
59 82
59 58
59 22
59 84
59 172
59 93
59 134
180 54
113 165
87 15
87 153
87 80
87 22
87 64
87 55
87 98
87 82
87 58
87 88
87 172
87 93
87 84
87 134
83 15
83 153
83 64
83 55
83 84
83 58
83 22
149 20
178 20
165 20
165 38
156 58
156 22
156 64
156 54
134 82
134 55
134 15
134 22
134 93
134 84
93 3
93 98
93 153
93 82
93 55
93 58
93 172
93 22
93 84
93 142
93 88
94 15
94 64
94 171
94 54
94 55
94 58
94 48
181 55
181 15
3 84
176 55
176 54
176 15
176 64
176 58
98 153
98 82
98 84
15 153
15 64
15 22
15 55
15 84
15 82
15 58
15 172
15 54
15 80
15 171
15 48
153 22
153 64
153 55
153 84
153 82
153 58
153 88
153 54
153 172
153 80
80 64
80 55
80 82
80 58
80 84
64 22
64 55
64 171
64 82
64 58
64 54
64 29
54 171
54 55
54 58
54 22
54 48
171 55
171 58
82 22
82 55
82 84
82 58
82 88
82 142
82 172
82 168
55 22
55 58
55 84
55 48
20 28
58 22
58 84
58 48
172 84
22 84
22 48
84 88
84 142
48 30
142 88
142 168
132 73
132 7
132 104
132 11
132 12
132 98
132 153
132 87
132 78
132 79
132 141
132 82
132 56
132 35
132 154
132 58
132 172
132 22
132 84
132 26
132 85
132 6
132 86
132 142
132 164
132 89
132 155
132 90
132 91
132 88
132 92
132 93
132 127
132 136
132 60
132 76
132 143
132 97
132 173
132 157
132 99
1 2
1 73
1 7
1 27
1 9
1 74
1 10
1 11
1 12
1 14
1 15
1 77
1 153
1 17
1 64
1 81
1 128
1 54
1 55
1 56
1 83
1 21
1 58
1 22
1 23
1 84
1 48
1 6
1 86
1 87
1 164
1 166
1 89
1 155
1 59
1 61
1 133
1 92
1 93
1 94
1 49
1 95
1 25
1 60
1 40
1 97
1 41
1 173
1 157
42 102
42 5
42 167
42 13
42 52
42 8
42 158
42 144
42 165
42 19
42 140
42 101
42 21
42 69
42 125
42 16
42 45
42 126
42 37
42 100
42 46
18 164
18 32
18 158
18 43
18 44
18 19
18 13
18 20
18 34
18 16
18 37
47 48
47 49
50 86
50 2
50 89
50 103
50 6
50 7
50 9
50 48
50 10
50 49
50 61
50 130
50 41
50 173
50 106
50 62
50 39
182 86
182 60
182 166
182 9
182 82
182 133
182 21
182 77
182 97
182 25
182 94
182 183
71 61
71 6
71 7
71 27
71 54
71 49
71 164
71 14
71 21
71 22
71 23
71 41
71 94
71 155
71 173
71 128
71 166
72 73
72 104
72 92
72 12
72 98
72 153
72 80
72 78
72 79
72 141
72 82
72 84
72 26
72 86
72 169
72 88
72 184
72 168
72 90
72 185
72 35
72 99
72 93
72 97
72 157
186 52
186 109
186 67
186 69
19 52
19 178
19 165
19 150
19 13
19 101
19 16
19 45
19 5
19 20
19 21
19 69
19 167
19 28
19 164
19 32
19 158
19 144
19 44
19 140
19 43
19 34
19 125
19 126
19 37
19 187
19 102
19 46
56 2
56 4
56 73
56 7
56 27
56 9
56 74
56 10
56 11
56 49
56 75
56 14
56 76
56 15
56 77
56 105
56 153
56 17
56 78
56 79
56 141
56 128
56 54
56 64
56 81
56 175
56 82
56 55
56 83
56 154
56 21
56 58
56 172
56 22
56 23
56 84
56 48
56 26
56 85
56 6
56 86
56 87
56 29
56 142
56 164
56 166
56 89
56 155
56 59
56 61
56 133
56 91
56 88
56 92
56 173
56 93
56 94
56 12
56 95
56 136
56 60
56 90
56 188
56 25
56 35
56 143
56 40
56 97
56 41
56 98
56 157
56 99
23 2
23 4
23 6
23 7
23 27
23 9
23 74
23 10
23 11
23 12
23 14
23 15
23 77
23 153
23 17
23 64
23 79
23 80
23 128
23 54
23 55
23 81
23 82
23 83
23 21
23 58
23 172
23 22
23 25
23 48
23 26
23 86
23 87
23 29
23 164
23 166
23 89
23 127
23 155
23 59
23 61
23 133
23 91
23 88
23 94
23 49
23 95
23 136
23 60
23 189
23 35
23 40
23 97
23 41
23 173
24 37
24 167
24 52
24 144
24 165
24 140
24 21
24 69
24 45
24 126
24 102
24 100
24 46
25 2
25 4
25 6
25 7
25 27
25 9
25 74
25 10
25 11
25 12
25 75
25 15
25 77
25 153
25 17
25 64
25 79
25 128
25 54
25 55
25 81
25 187
25 82
25 83
25 21
25 58
25 172
25 22
25 48
25 26
25 86
25 87
25 169
25 164
25 166
25 89
25 155
25 59
25 61
25 133
25 35
25 92
25 94
25 49
25 95
25 136
25 183
25 60
25 189
25 14
25 40
25 97
25 41
25 173
62 103
62 49
62 130
62 106
62 48
62 39
26 2
26 73
26 7
26 27
26 9
26 74
26 10
26 11
26 12
26 14
26 76
26 15
26 77
26 153
26 80
26 78
26 79
26 141
26 54
26 55
26 82
26 35
26 21
26 58
26 172
26 22
26 59
26 6
26 86
26 87
26 142
26 164
26 104
26 166
26 89
26 184
26 90
26 61
26 133
26 91
26 88
26 92
26 173
26 93
26 49
26 95
26 84
26 60
26 48
26 185
26 143
26 40
26 97
26 41
26 98
26 157
26 99
85 2
85 6
85 7
85 9
85 10
85 92
85 12
85 14
85 76
85 77
85 79
85 141
85 82
85 55
85 22
85 84
85 166
85 60
85 99
85 40
85 41
85 157
69 5
69 52
69 109
69 67
69 165
69 13
69 118
69 101
69 16
69 45
69 113
69 167
69 108
69 70
69 158
69 144
69 140
69 125
69 145
69 126
69 37
69 100
69 102
69 123
69 124
69 46
167 5
167 52
167 165
167 13
167 101
167 16
167 45
167 21
167 108
167 158
167 144
167 140
167 34
167 125
167 145
167 126
167 37
167 100
167 102
167 46
90 3
90 73
90 7
90 104
90 11
90 12
90 75
90 98
90 77
90 153
90 17
90 78
90 79
90 141
90 54
90 82
90 35
90 58
90 172
90 22
90 84
90 6
90 86
90 87
90 142
90 164
90 178
90 89
90 184
90 155
90 60
90 61
90 91
90 88
90 92
90 173
90 93
90 94
90 80
90 185
90 97
90 41
90 76
90 157
90 99
140 5
140 52
140 165
140 13
140 101
140 16
140 45
140 21
140 108
140 158
140 144
140 125
140 145
140 126
140 37
140 100
140 102
140 46
133 2
133 4
133 6
133 7
133 27
133 9
133 74
133 10
133 11
133 12
133 15
133 77
133 153
133 105
133 17
133 64
133 79
133 128
133 54
133 55
133 82
133 83
133 21
133 58
133 172
133 22
133 48
133 86
133 87
133 169
133 164
133 166
133 89
133 155
133 59
133 61
133 91
133 35
133 92
133 94
133 49
133 95
133 136
133 183
133 60
133 14
133 40
133 97
133 41
133 173
133 99
34 5
34 52
34 178
34 165
34 150
34 13
34 101
34 16
34 45
34 20
34 21
34 28
34 164
34 32
34 158
34 144
34 44
34 43
34 190
34 126
34 37
34 187
34 46
35 2
35 4
35 73
35 7
35 9
35 74
35 10
35 11
35 12
35 75
35 14
35 76
35 15
35 77
35 106
35 153
35 80
35 78
35 79
35 141
35 59
35 64
35 55
35 136
35 82
35 58
35 22
35 48
35 6
35 86
35 87
35 164
35 104
35 166
35 89
35 184
35 61
35 185
35 88
35 92
35 93
35 49
35 95
35 84
35 60
35 40
35 97
35 41
35 173
35 157
35 99
125 5
125 52
125 165
125 101
125 45
125 126
125 102
145 108
145 37
145 5
145 13
145 52
145 46
145 158
145 144
145 165
145 101
145 21
145 45
145 126
145 102
126 5
126 52
126 178
126 165
126 13
126 101
126 16
126 45
126 21
126 108
126 158
126 144
126 37
126 100
126 102
126 46
37 5
37 52
37 8
37 178
37 165
37 150
37 13
37 101
37 16
37 45
37 20
37 21
37 28
37 108
37 164
37 70
37 32
37 158
37 144
37 44
37 43
37 100
37 102
37 46
189 86
189 2
189 166
189 74
189 41
189 21
189 40
40 2
40 4
40 6
40 7
40 27
40 9
40 74
40 10
40 11
40 49
40 14
40 15
40 77
40 153
40 17
40 64
40 79
40 128
40 54
40 55
40 187
40 82
40 21
40 58
40 172
40 22
40 59
40 86
40 87
40 169
40 164
40 166
40 89
40 127
40 155
40 60
40 61
40 91
40 92
40 94
40 12
40 95
40 136
40 48
40 97
40 41
40 173
97 2
97 3
97 4
97 73
97 7
97 27
97 9
97 74
97 10
97 11
97 49
97 75
97 76
97 15
97 77
97 153
97 80
97 78
97 79
97 141
97 128
97 54
97 64
97 55
97 164
97 82
97 83
97 21
97 58
97 22
97 48
97 6
97 86
97 87
97 169
97 59
97 14
97 88
97 178
97 166
97 89
97 142
97 184
97 168
97 61
97 185
97 92
97 137
97 173
97 93
97 94
97 12
97 95
97 84
97 183
97 60
97 104
97 91
97 143
97 41
97 98
97 157
97 155
97 99
41 2
41 4
41 73
41 7
41 27
41 9
41 74
41 10
41 11
41 12
41 75
41 14
41 15
41 77
41 153
41 106
41 105
41 17
41 64
41 79
41 80
41 128
41 54
41 55
41 164
41 82
41 83
41 21
41 58
41 22
41 48
41 6
41 86
41 87
41 29
41 59
41 88
41 166
41 89
41 155
41 61
41 91
41 92
41 94
41 49
41 95
41 136
41 60
41 169
41 173
41 99
173 2
173 4
173 6
173 7
173 27
173 9
173 74
173 10
173 11
173 12
173 75
173 14
173 15
173 77
173 153
173 17
173 64
173 79
173 141
173 128
173 54
173 55
173 81
173 136
173 82
173 21
173 58
173 172
173 22
173 59
173 86
173 87
173 164
173 166
173 89
173 155
173 61
173 92
173 94
173 49
173 95
173 84
173 60
173 76
173 48
173 98
173 157
173 99
102 5
102 52
102 8
102 165
102 13
102 101
102 16
102 45
102 21
102 108
102 158
102 144
102 100
102 46
157 4
157 73
157 9
157 178
157 11
157 12
157 76
157 77
157 153
157 80
157 78
157 79
157 141
157 64
157 98
157 164
157 82
157 58
157 172
157 22
157 84
157 6
157 86
157 87
157 142
157 88
157 74
157 89
157 184
157 155
157 91
157 92
157 93
157 136
157 60
157 104
157 185
157 99
123 52
123 109
123 67
123 113
123 124
124 52
124 109
124 67
124 113
46 5
46 52
46 178
46 165
46 13
46 101
46 16
46 45
46 20
46 21
46 108
46 32
46 158
46 144
46 44
46 100
2 4
2 6
2 7
2 27
2 9
2 74
2 10
2 11
2 12
2 75
2 14
2 15
2 77
2 153
2 105
2 17
2 64
2 79
2 128
2 54
2 55
2 187
2 82
2 83
2 21
2 58
2 172
2 22
2 48
2 86
2 87
2 164
2 166
2 89
2 155
2 59
2 61
2 91
2 92
2 137
2 94
2 49
2 95
2 136
2 60
2 143
2 99
103 48
103 49
103 130
103 106
103 163
73 3
73 6
73 7
73 74
73 11
73 49
73 76
73 153
73 80
73 78
73 79
73 141
73 82
73 84
73 86
73 87
73 169
73 142
73 88
73 104
73 89
73 184
73 168
73 91
73 92
73 93
73 12
73 60
73 185
73 98
73 155
73 99
7 4
7 27
7 9
7 74
7 10
7 11
7 12
7 75
7 14
7 15
7 77
7 153
7 17
7 64
7 79
7 128
7 54
7 29
7 55
7 187
7 82
7 21
7 58
7 22
7 59
7 6
7 86
7 87
7 169
7 164
7 166
7 89
7 155
7 61
7 91
7 92
7 94
7 49
7 95
7 136
7 60
7 48
8 45
8 165
9 4
9 6
9 27
9 74
9 10
9 11
9 12
9 75
9 15
9 77
9 153
9 105
9 87
9 78
9 79
9 141
9 128
9 54
9 64
9 55
9 81
9 136
9 82
9 188
9 21
9 58
9 172
9 22
9 59
9 86
9 29
9 164
9 166
9 89
9 184
9 155
9 60
9 61
9 91
9 92
9 137
9 93
9 94
9 49
9 95
9 84
9 183
9 48
9 14
9 99
104 11
104 12
104 76
104 153
104 80
104 78
104 79
104 141
104 82
104 84
104 86
104 88
104 184
104 185
104 92
104 93
104 99
165 5
165 52
165 13
165 101
165 16
165 45
165 21
165 108
165 70
165 158
165 144
165 100
11 4
11 27
11 10
11 92
11 12
11 75
11 14
11 76
11 15
11 77
11 153
11 17
11 78
11 79
11 141
11 128
11 54
11 64
11 55
11 81
11 98
11 164
11 82
11 154
11 21
11 58
11 172
11 22
11 59
11 6
11 86
11 87
11 29
11 142
11 88
11 74
11 166
11 89
11 61
11 91
11 99
11 93
11 94
11 49
11 95
11 84
11 60
11 48
11 143
12 3
12 4
12 10
12 49
12 75
12 14
12 76
12 15
12 77
12 153
12 80
12 78
12 79
12 141
12 128
12 59
12 64
12 55
12 98
12 164
12 136
12 82
12 58
12 172
12 22
12 48
12 6
12 86
12 87
12 169
12 142
12 88
12 74
12 166
12 89
12 184
12 168
12 61
12 91
12 92
12 93
12 127
12 95
12 84
12 187
12 60
12 185
12 143
12 155
12 99
150 5
150 178
150 158
150 13
150 20
150 16
13 5
13 52
13 178
13 101
13 16
13 45
13 20
13 21
13 108
13 32
13 158
13 144
13 44
13 43
13 190
13 100
14 4
14 6
14 27
14 74
14 10
14 15
14 77
14 153
14 105
14 87
14 64
14 79
14 175
14 128
14 54
14 55
14 81
14 82
14 83
14 21
14 58
14 22
14 48
14 86
14 169
14 164
14 166
14 89
14 59
14 61
14 91
14 92
14 94
14 49
14 95
14 136
14 60
14 99
76 3
76 75
76 98
76 77
76 153
76 80
76 78
76 79
76 141
76 164
76 82
76 154
76 58
76 172
76 22
76 84
76 6
76 86
76 87
76 88
76 89
76 91
76 92
76 93
76 127
76 60
76 143
76 99
130 48
130 49
130 191
130 106
130 53
130 163
77 4
77 6
77 27
77 74
77 10
77 75
77 15
77 153
77 17
77 64
77 79
77 128
77 54
77 55
77 81
77 136
77 82
77 83
77 21
77 58
77 22
77 59
77 86
77 87
77 164
77 166
77 89
77 155
77 61
77 91
77 92
77 93
77 94
77 49
77 95
77 84
77 183
77 60
77 99
16 5
16 52
16 178
16 101
16 45
16 20
16 21
16 28
16 164
16 32
16 158
16 144
16 44
16 43
16 187
106 48
106 49
45 5
45 52
45 101
45 20
45 21
45 108
45 70
45 158
45 144
45 100
175 86
175 164
175 15
175 87
175 6
128 4
128 6
128 27
128 74
128 10
128 15
128 87
128 64
128 81
128 59
128 55
128 21
128 58
128 22
128 54
128 86
128 164
128 166
128 89
128 155
128 61
128 94
128 49
128 95
128 48
163 48
86 4
86 27
86 10
86 99
86 15
86 153
86 17
86 78
86 79
86 59
86 64
86 55
86 81
86 98
86 164
86 141
86 82
86 83
86 21
86 58
86 172
86 22
86 54
86 6
86 87
86 142
86 88
86 74
86 166
86 89
86 184
86 155
86 61
86 185
86 92
86 137
86 93
86 94
86 49
86 95
86 136
86 80
86 183
86 187
86 60
86 84
86 48
86 91
108 5
108 52
108 109
108 158
108 144
108 101
108 21
108 100
108 67
164 4
164 6
164 27
164 74
164 10
164 49
164 15
164 153
164 17
164 78
164 79
164 59
164 82
164 64
164 55
164 81
164 98
164 141
164 20
164 21
164 58
164 172
164 22
164 54
164 87
164 29
164 166
164 32
164 89
164 158
164 44
164 155
164 61
164 99
164 137
164 93
164 94
164 95
164 136
164 84
164 60
164 48
164 75
164 43
164 92
164 91
166 4
166 6
166 27
166 74
166 10
166 75
166 15
166 153
166 17
166 64
166 79
166 59
166 55
166 81
166 187
166 82
166 83
166 21
166 58
166 88
166 54
166 87
166 89
166 22
166 155
166 60
166 61
166 91
166 92
166 137
166 94
166 49
166 95
166 136
166 183
166 48
166 99
32 5
32 158
32 44
32 20
32 21
32 190
32 187
89 3
89 4
89 27
89 74
89 10
89 75
89 15
89 153
89 105
89 87
89 78
89 79
89 141
89 59
89 29
89 64
89 55
89 81
89 98
89 136
89 82
89 21
89 58
89 172
89 88
89 54
89 6
89 169
89 142
89 22
89 184
89 155
89 61
89 91
89 92
89 137
89 93
89 94
89 49
89 95
89 84
89 60
89 48
89 99
158 5
158 52
158 178
158 101
158 20
158 21
158 28
158 144
158 44
158 43
158 190
158 187
158 100
144 5
144 52
144 101
144 20
144 21
144 100
44 5
44 20
155 4
155 27
155 74
155 10
155 92
155 15
155 87
155 78
155 79
155 59
155 64
155 55
155 98
155 82
155 21
155 58
155 22
155 54
155 6
155 142
155 61
155 88
155 99
155 93
155 94
155 95
155 84
60 3
60 4
60 27
60 74
60 10
60 75
60 15
60 153
60 105
60 17
60 78
60 79
60 141
60 59
60 64
60 55
60 98
60 136
60 82
60 21
60 58
60 172
60 88
60 54
60 6
60 87
60 29
60 142
60 61
60 91
60 22
60 93
60 94
60 49
60 95
60 84
60 80
60 183
60 169
60 92
60 99
61 4
61 6
61 27
61 74
61 10
61 75
61 15
61 153
61 17
61 64
61 79
61 59
61 55
61 187
61 82
61 83
61 21
61 58
61 22
61 169
61 54
61 87
61 29
61 91
61 92
61 94
61 49
61 95
61 136
61 48
61 99
43 28
43 20
91 4
91 74
91 10
91 15
91 153
91 80
91 78
91 79
91 141
91 59
91 64
91 55
91 82
91 21
91 58
91 172
91 22
91 84
91 54
91 6
91 87
91 142
91 184
91 88
91 92
91 93
91 94
91 49
91 98
91 99
143 87
143 10
143 75
143 15
143 153
143 64
143 59
143 82
143 154
143 58
143 84
143 6
143 92
143 93
143 99
99 168
99 4
99 10
99 75
99 178
99 15
99 153
99 80
99 78
99 79
99 141
99 54
99 64
99 98
99 82
99 58
99 74
99 88
99 84
99 6
99 87
99 169
99 142
99 172
99 184
99 22
99 93
99 49
99 92
99 185
137 74
137 10
137 55
137 83
137 54
137 15
137 87
137 64
137 6
137 58
190 20
95 4
95 6
95 27
95 74
95 10
95 15
95 87
95 64
95 59
95 55
95 21
95 58
95 22
95 54
95 94
95 49
136 4
136 6
136 74
136 10
136 98
136 15
136 64
136 59
136 55
136 82
136 58
136 22
136 54
136 94
136 49
136 84
185 80
185 92
185 88
185 79
185 184
185 93
185 84
185 78
185 141
4 6
4 27
4 74
4 10
4 75
4 15
4 153
4 17
4 64
4 59
4 55
4 187
4 58
4 22
4 54
4 87
4 169
4 127
4 94
4 49
4 48
4 92
5 52
5 178
5 101
5 20
5 21
5 70
5 100
6 27
6 74
6 10
6 75
6 15
6 153
6 105
6 17
6 78
6 79
6 80
6 59
6 98
6 64
6 55
6 81
6 141
6 82
6 83
6 188
6 21
6 58
6 172
6 22
6 169
6 54
6 87
6 29
6 184
6 93
6 94
6 49
6 84
6 187
6 48
6 92
52 109
52 67
52 178
52 118
52 101
52 151
52 112
52 113
52 20
52 21
52 48
52 70
52 100
109 67
109 113
109 118
109 70
67 113
67 118
67 151
67 70
74 27
74 10
74 75
74 98
74 15
74 153
74 17
74 78
74 79
74 59
74 22
74 64
74 55
74 81
74 84
74 82
74 83
74 188
74 21
74 58
74 172
74 88
74 54
74 87
74 29
74 93
74 94
74 49
74 187
74 48
74 92
10 27
10 169
10 75
10 15
10 153
10 105
10 17
10 64
10 79
10 80
10 59
10 55
10 187
10 82
10 83
10 188
10 21
10 58
10 172
10 22
10 54
10 87
10 29
10 94
10 49
10 48
10 92
92 75
92 15
92 153
92 105
92 80
92 78
92 79
92 141
92 59
92 22
92 64
92 55
92 98
92 82
92 154
92 58
92 88
92 48
92 87
92 142
92 172
92 184
92 93
92 49
92 84
49 27
49 153
49 17
49 64
49 79
49 59
49 55
49 82
49 21
49 58
49 22
49 87
49 168
49 94
49 39
49 48
49 54
49 15
169 98
169 15
169 93
169 153
169 64
169 79
169 82
169 58
169 22
169 184
169 168
169 84
101 178
101 21
101 100
53 48
17 27
17 15
17 153
17 64
17 79
17 59
17 82
17 58
17 94
78 153
78 80
78 79
78 141
78 82
78 172
78 88
78 84
78 87
78 142
78 184
78 93
78 98
79 168
79 27
79 178
79 15
79 153
79 141
79 59
79 22
79 55
79 98
79 82
79 21
79 58
79 88
79 54
79 87
79 142
79 172
79 127
79 184
79 93
79 94
79 84
79 80
141 153
141 80
141 22
141 98
141 82
141 58
141 88
141 84
141 87
141 142
141 184
141 93
59 27
59 15
59 153
59 64
59 54
59 55
59 82
59 21
59 58
59 22
59 48
59 87
59 29
59 94
105 55
105 58
105 22
105 153
105 15
87 75
87 178
87 15
87 153
87 22
87 64
87 55
87 98
87 82
87 83
87 188
87 21
87 58
87 172
87 88
87 54
87 142
87 93
87 94
87 84
87 80
87 48
87 154
83 15
83 64
83 54
83 55
83 58
83 172
83 22
83 94
27 15
27 153
27 64
27 55
27 81
27 82
27 21
27 58
27 22
27 54
27 94
27 48
178 98
178 82
178 20
178 22
178 84
178 88
191 48
93 3
93 75
93 98
93 153
93 82
93 172
93 22
93 84
93 142
93 88
93 184
93 168
93 80
94 15
94 153
94 64
94 81
94 82
94 55
94 21
94 58
94 22
94 54
94 183
94 48
127 172
127 84
127 48
187 20
187 64
187 58
100 21
75 153
75 64
75 98
75 82
75 58
75 22
75 142
75 84
3 98
3 88
3 84
98 153
98 82
98 22
98 84
98 142
98 184
98 88
98 168
98 80
15 153
15 64
15 22
15 55
15 81
15 82
15 21
15 58
15 172
15 88
15 54
15 29
15 48
153 22
153 64
153 55
153 82
153 154
153 21
153 58
153 88
153 54
153 172
153 184
153 168
153 84
153 80
153 48
80 82
80 84
80 88
80 184
64 81
64 55
64 82
64 21
64 58
64 172
64 22
64 54
64 29
64 48
81 54
81 82
81 58
54 55
54 82
54 21
54 58
54 22
54 48
54 29
82 168
82 22
82 55
82 84
82 21
82 58
82 88
82 142
82 172
82 184
82 183
55 21
55 58
55 22
55 48
20 21
20 28
154 84
21 58
21 22
21 183
21 48
21 28
58 172
58 22
58 29
58 48
58 84
172 22
172 48
172 88
172 84
22 84
22 88
22 29
22 142
22 48
84 88
84 168
84 142
84 184
48 30
48 168
142 88
88 184
184 168
132 3
132 192
132 73
132 27
132 9
132 74
132 11
132 12
132 76
132 77
132 72
132 153
132 80
132 78
132 79
132 141
132 59
132 56
132 193
132 82
132 55
132 35
132 172
132 22
132 23
132 84
132 26
132 85
132 6
132 86
132 87
132 142
132 164
132 89
132 184
132 155
132 90
132 133
132 91
132 88
132 134
132 173
132 93
132 127
132 136
132 60
132 148
132 92
132 143
132 97
132 98
132 157
132 99
1 42
1 5
1 178
1 165
1 13
1 101
1 16
1 45
1 20
1 21
1 167
1 32
1 158
1 144
1 44
1 140
1 34
1 126
1 37
1 38
1 102
1 46
42 37
42 5
42 13
42 178
42 145
42 158
42 144
42 165
42 140
42 101
42 167
42 125
42 16
42 45
42 24
42 126
42 102
42 100
42 46
18 5
18 178
18 158
18 44
18 19
18 13
18 20
18 16
18 37
18 46
47 152
47 48
47 35
47 49
50 153
50 62
50 30
50 135
50 134
50 162
50 165
50 54
50 49
50 106
50 143
50 58
50 22
50 152
50 53
50 80
50 48
50 85
50 130
194 178
194 32
194 158
194 19
194 20
194 34
194 21
194 16
194 37
194 46
195 108
195 52
195 109
195 67
195 115
195 129
195 186
72 60
72 142
72 172
72 82
72 157
72 98
72 89
72 12
72 90
72 76
72 99
72 79
72 97
72 93
72 84
72 78
72 26
72 141
72 80
186 108
186 109
186 67
19 5
19 178
19 165
19 13
19 101
19 16
19 45
19 20
19 21
19 167
19 28
19 32
19 158
19 144
19 44
19 140
19 34
19 126
19 37
19 102
19 46
56 2
56 3
56 103
56 192
56 73
56 7
56 27
56 9
56 74
56 10
56 11
56 12
56 14
56 76
56 15
56 77
56 153
56 4
56 17
56 78
56 79
56 193
56 54
56 51
56 64
56 175
56 141
56 82
56 55
56 83
56 154
56 21
56 58
56 172
56 22
56 23
56 84
56 62
56 26
56 85
56 6
56 86
56 87
56 29
56 142
56 164
56 166
56 89
56 184
56 155
56 59
56 61
56 133
56 91
56 88
56 134
56 173
56 93
56 94
56 127
56 95
56 136
56 80
56 60
56 90
56 25
56 35
56 92
56 143
56 40
56 97
56 41
56 98
56 157
56 99
100 102
100 5
100 13
100 101
100 158
100 46
100 178
100 165
100 144
100 140
100 34
100 125
100 45
100 24
100 126
100 37
100 167
23 2
23 51
23 4
23 73
23 7
23 27
23 9
23 74
23 10
23 11
23 12
23 14
23 76
23 15
23 77
23 153
23 17
23 78
23 79
23 141
23 54
23 64
23 55
23 82
23 35
23 21
23 58
23 172
23 22
23 84
23 59
23 26
23 85
23 6
23 86
23 87
23 29
23 142
23 164
23 166
23 89
23 155
23 90
23 61
23 133
23 91
23 88
23 92
23 173
23 93
23 94
23 127
23 95
23 136
23 80
23 60
23 62
23 25
23 143
23 40
23 97
23 41
23 98
23 157
23 99
24 5
24 13
24 178
24 144
24 165
24 140
24 101
24 167
24 45
24 126
24 102
24 46
25 2
25 3
25 103
25 192
25 73
25 7
25 27
25 9
25 74
25 10
25 11
25 12
25 14
25 15
25 77
25 105
25 4
25 17
25 51
25 79
25 80
25 54
25 64
25 55
25 82
25 83
25 154
25 21
25 58
25 172
25 22
25 62
25 60
25 6
25 86
25 87
25 29
25 196
25 164
25 166
25 89
25 127
25 168
25 59
25 61
25 133
25 91
25 35
25 134
25 173
25 94
25 49
25 95
25 136
25 153
25 90
25 92
25 40
25 97
25 41
25 143
25 157
25 155
25 99
62 2
62 4
62 6
62 7
62 9
62 74
62 10
62 11
62 49
62 152
62 15
62 77
62 106
62 64
62 54
62 55
62 58
62 172
62 22
62 48
62 85
62 86
62 164
62 166
62 165
62 59
62 61
62 133
62 160
62 136
62 40
62 41
62 173
62 130
26 192
26 73
26 27
26 9
26 74
26 11
26 12
26 76
26 77
26 153
26 17
26 78
26 79
26 141
26 59
26 193
26 82
26 58
26 172
26 22
26 84
26 85
26 6
26 86
26 87
26 142
26 88
26 89
26 184
26 155
26 90
26 133
26 91
26 35
26 92
26 173
26 93
26 94
26 127
26 136
26 80
26 60
26 143
26 97
26 98
26 157
26 99
85 2
85 103
85 73
85 7
85 9
85 74
85 10
85 92
85 49
85 14
85 76
85 130
85 77
85 153
85 80
85 78
85 79
85 141
85 59
85 64
85 55
85 175
85 15
85 82
85 35
85 58
85 172
85 22
85 84
85 6
85 86
85 87
85 142
85 4
85 164
85 166
85 89
85 11
85 155
85 90
85 61
85 133
85 91
85 88
85 99
85 93
85 127
85 60
85 48
85 165
85 12
85 98
85 40
85 97
85 41
85 173
85 157
85 134
69 52
69 109
69 67
69 113
69 118
69 197
69 129
167 5
167 178
167 165
167 13
167 101
167 45
167 149
167 158
167 144
167 140
167 34
167 125
167 145
167 126
167 37
167 102
167 46
90 2
90 3
90 4
90 73
90 27
90 9
90 74
90 10
90 11
90 12
90 51
90 76
90 15
90 77
90 153
90 17
90 78
90 79
90 141
90 59
90 64
90 55
90 193
90 82
90 35
90 58
90 172
90 22
90 6
90 86
90 87
90 142
90 164
90 166
90 89
90 184
90 155
90 60
90 61
90 133
90 91
90 88
90 134
90 173
90 93
90 94
90 127
90 95
90 136
90 80
90 84
90 92
90 143
90 97
90 98
90 157
90 99
140 37
140 5
140 102
140 158
140 46
140 178
140 144
140 165
140 13
140 101
140 125
140 145
140 45
140 126
140 149
133 2
133 3
133 103
133 73
133 7
133 9
133 74
133 10
133 11
133 12
133 14
133 76
133 15
133 77
133 105
133 153
133 17
133 78
133 79
133 80
133 54
133 51
133 64
133 55
133 175
133 136
133 82
133 59
133 21
133 58
133 172
133 22
133 6
133 86
133 87
133 29
133 196
133 4
133 164
133 142
133 166
133 89
133 168
133 61
133 35
133 91
133 88
133 134
133 173
133 93
133 94
133 127
133 95
133 84
133 60
133 92
133 143
133 40
133 97
133 41
133 98
133 157
133 155
133 99
34 5
34 8
34 178
34 165
34 13
34 101
34 16
34 45
34 20
34 21
34 28
34 32
34 158
34 44
34 43
34 125
34 37
34 102
34 46
35 2
35 51
35 103
35 73
35 7
35 9
35 74
35 10
35 11
35 49
35 14
35 76
35 15
35 77
35 152
35 153
35 17
35 78
35 79
35 80
35 54
35 64
35 55
35 131
35 193
35 82
35 21
35 58
35 172
35 22
35 59
35 6
35 86
35 87
35 29
35 142
35 4
35 164
35 166
35 89
35 168
35 61
35 88
35 134
35 173
35 93
35 94
35 127
35 181
35 136
35 196
35 60
35 84
35 48
35 95
35 165
35 148
35 12
35 92
35 143
35 40
35 97
35 41
35 98
35 157
35 155
35 99
119 52
119 109
119 67
125 5
125 8
125 178
125 165
125 13
125 101
125 16
125 45
125 20
125 21
125 28
125 158
125 144
125 126
125 37
125 102
125 46
145 37
145 5
145 13
145 178
145 46
145 158
145 144
145 165
145 101
145 45
145 126
145 102
126 5
126 178
126 165
126 150
126 13
126 101
126 16
126 45
126 158
126 144
126 37
126 102
126 46
37 5
37 8
37 178
37 165
37 13
37 101
37 16
37 45
37 20
37 21
37 28
37 32
37 158
37 144
37 44
37 43
37 102
37 46
198 2
198 4
198 55
198 10
198 61
198 77
198 59
198 54
40 2
40 3
40 103
40 6
40 7
40 27
40 9
40 74
40 10
40 11
40 49
40 14
40 98
40 15
40 77
40 153
40 17
40 51
40 80
40 54
40 64
40 55
40 154
40 21
40 58
40 172
40 22
40 86
40 87
40 196
40 4
40 164
40 166
40 89
40 127
40 168
40 59
40 61
40 134
40 94
40 12
40 95
40 136
40 60
40 92
40 97
40 41
40 173
40 155
40 99
97 2
97 3
97 4
97 73
97 7
97 27
97 9
97 74
97 10
97 11
97 12
97 14
97 76
97 15
97 77
97 105
97 17
97 78
97 79
97 141
97 54
97 51
97 64
97 55
97 164
97 193
97 82
97 83
97 58
97 172
97 22
97 59
97 6
97 86
97 87
97 196
97 88
97 142
97 166
97 89
97 155
97 61
97 91
97 134
97 173
97 93
97 94
97 136
97 84
97 80
97 153
97 60
97 92
97 143
97 41
97 98
97 157
97 99
41 2
41 3
41 4
41 73
41 7
41 27
41 9
41 74
41 10
41 11
41 12
41 14
41 15
41 77
41 153
41 17
41 51
41 79
41 54
41 64
41 55
41 165
41 154
41 21
41 58
41 172
41 22
41 6
41 86
41 87
41 196
41 164
41 142
41 166
41 89
41 127
41 168
41 59
41 61
41 92
41 173
41 94
41 49
41 95
41 136
41 60
41 143
41 157
41 155
41 134
173 2
173 3
173 103
173 73
173 7
173 27
173 9
173 74
173 10
173 11
173 12
173 14
173 76
173 15
173 77
173 153
173 17
173 78
173 79
173 141
173 54
173 51
173 64
173 55
173 175
173 164
173 136
173 82
173 83
173 21
173 58
173 172
173 22
173 6
173 86
173 87
173 59
173 4
173 88
173 142
173 166
173 89
173 155
173 61
173 91
173 134
173 93
173 94
173 127
173 95
173 84
173 80
173 60
173 48
173 92
173 98
173 157
173 99
102 5
102 178
102 165
102 150
102 13
102 101
102 16
102 45
102 105
102 158
102 144
102 46
157 2
157 3
157 4
157 73
157 7
157 27
157 9
157 74
157 10
157 11
157 12
157 51
157 76
157 15
157 77
157 153
157 17
157 78
157 79
157 141
157 59
157 64
157 55
157 181
157 98
157 164
157 193
157 82
157 83
157 58
157 172
157 22
157 6
157 86
157 87
157 142
157 88
157 166
157 89
157 184
157 155
157 61
157 91
157 134
157 93
157 127
157 95
157 136
157 80
157 60
157 84
157 92
157 143
157 99
46 5
46 8
46 178
46 165
46 150
46 13
46 101
46 16
46 45
46 105
46 20
46 21
46 28
46 32
46 158
46 144
46 44
2 3
2 103
2 73
2 7
2 27
2 9
2 74
2 10
2 11
2 12
2 98
2 15
2 77
2 153
2 17
2 51
2 79
2 175
2 54
2 64
2 55
2 181
2 83
2 82
2 59
2 154
2 21
2 58
2 172
2 22
2 6
2 86
2 87
2 29
2 142
2 4
2 164
2 166
2 89
2 155
2 61
2 91
2 92
2 94
2 127
2 95
2 136
2 196
2 60
2 48
2 165
2 14
2 99
51 4
51 192
51 73
51 7
51 27
51 9
51 74
51 10
51 11
51 12
51 15
51 77
51 153
51 17
51 78
51 79
51 59
51 64
51 55
51 181
51 136
51 83
51 58
51 172
51 22
51 6
51 86
51 87
51 164
51 166
51 89
51 155
51 61
51 91
51 92
51 93
51 94
51 95
51 84
51 60
51 143
51 99
103 4
103 6
103 7
103 9
103 10
103 49
103 77
103 106
103 175
103 17
103 59
103 55
103 58
103 22
103 48
103 86
103 164
103 95
103 80
103 143
135 196
135 49
135 130
135 106
135 48
135 199
73 4
73 6
73 7
73 27
73 9
73 74
73 10
73 11
73 12
73 76
73 15
73 77
73 153
73 17
73 78
73 79
73 141
73 59
73 98
73 193
73 82
73 58
73 172
73 22
73 86
73 87
73 142
73 88
73 166
73 89
73 155
73 91
73 92
73 93
73 136
73 84
73 80
73 60
73 148
73 143
73 99
7 27
7 9
7 74
7 10
7 11
7 12
7 14
7 15
7 77
7 153
7 17
7 64
7 131
7 80
7 54
7 55
7 175
7 82
7 154
7 21
7 58
7 172
7 22
7 6
7 86
7 87
7 29
7 142
7 4
7 164
7 166
7 89
7 127
7 168
7 59
7 61
7 92
7 94
7 49
7 95
7 136
7 60
7 48
7 165
7 200
7 143
7 155
8 28
8 5
8 178
8 32
8 158
8 20
8 44
8 13
8 43
8 21
9 196
9 74
9 10
9 11
9 12
9 3
9 76
9 15
9 77
9 105
9 153
9 17
9 78
9 79
9 141
9 54
9 64
9 55
9 98
9 164
9 136
9 82
9 59
9 21
9 58
9 172
9 22
9 6
9 86
9 87
9 142
9 14
9 4
9 88
9 166
9 89
9 155
9 61
9 91
9 134
9 93
9 94
9 127
9 95
9 84
9 80
9 60
9 48
9 165
9 92
9 175
9 143
9 99
178 5
178 165
178 13
178 101
178 16
178 45
178 105
178 20
178 21
178 149
178 28
178 32
178 158
178 144
178 44
178 43
165 4
165 5
165 6
165 49
165 150
165 13
165 101
165 130
165 16
165 45
165 105
165 54
165 20
165 58
165 22
165 86
165 74
165 166
165 158
165 144
165 48
11 4
11 27
11 74
11 10
11 92
11 12
11 200
11 76
11 15
11 77
11 153
11 17
11 78
11 3
11 141
11 54
11 64
11 55
11 79
11 98
11 164
11 193
11 82
11 83
11 21
11 58
11 172
11 22
11 6
11 86
11 87
11 59
11 88
11 142
11 166
11 89
11 184
11 155
11 61
11 91
11 99
11 93
11 94
11 127
11 95
11 136
11 80
11 60
11 84
11 148
11 14
11 143
11 134
12 4
12 192
12 27
12 74
12 10
12 49
12 3
12 76
12 15
12 77
12 153
12 17
12 78
12 79
12 141
12 54
12 64
12 55
12 98
12 164
12 193
12 82
12 83
12 58
12 172
12 22
12 59
12 6
12 86
12 87
12 142
12 88
12 166
12 89
12 184
12 155
12 61
12 91
12 134
12 93
12 94
12 127
12 136
12 80
12 60
12 84
12 148
12 92
12 14
12 143
12 99
150 5
150 101
13 5
13 101
13 16
13 45
13 20
13 21
13 149
13 32
13 158
13 144
13 44
13 43
13 38
13 201
14 4
14 6
14 27
14 74
14 10
14 200
14 15
14 77
14 153
14 17
14 64
14 79
14 54
14 55
14 21
14 58
14 22
14 59
14 86
14 87
14 196
14 164
14 166
14 89
14 155
14 60
14 61
14 92
14 94
14 95
14 136
14 143
76 3
76 27
76 74
76 98
76 77
76 153
76 80
76 78
76 79
76 141
76 59
76 55
76 164
76 193
76 82
76 58
76 172
76 22
76 84
76 6
76 86
76 87
76 142
76 88
76 89
76 184
76 155
76 91
76 92
76 93
76 94
76 127
76 148
76 60
76 143
76 99
130 153
130 202
130 48
130 30
130 162
130 49
130 106
130 196
130 58
130 53
130 152
130 143
130 80
130 199
130 134
77 27
77 74
77 10
77 15
77 105
77 153
77 17
77 78
77 3
77 141
77 54
77 64
77 55
77 79
77 98
77 164
77 193
77 82
77 59
77 21
77 58
77 172
77 22
77 6
77 86
77 87
77 131
77 196
77 4
77 88
77 142
77 166
77 89
77 184
77 168
77 61
77 91
77 134
77 93
77 94
77 155
77 181
77 136
77 80
77 60
77 84
77 95
77 148
77 92
77 143
77 99
16 5
16 101
16 45
16 20
16 21
16 28
16 32
16 158
16 144
16 44
106 48
106 196
106 49
106 160
106 22
106 152
106 199
45 5
45 101
45 20
45 21
45 32
45 158
45 144
45 44
131 4
131 6
131 166
131 64
175 4
175 55
175 6
86 27
86 74
86 15
86 105
86 153
86 17
86 78
86 79
86 141
86 54
86 64
86 55
86 181
86 98
86 164
86 83
86 193
86 82
86 59
86 21
86 58
86 172
86 22
86 6
86 87
86 196
86 4
86 88
86 142
86 166
86 89
86 10
86 61
86 91
86 134
86 93
86 94
86 127
86 95
86 136
86 80
86 60
86 84
86 48
86 92
86 143
86 155
86 99
108 109
108 67
164 192
164 6
164 27
164 74
164 10
164 15
164 153
164 17
164 78
164 3
164 141
164 54
164 64
164 55
164 79
164 98
164 193
164 82
164 59
164 58
164 172
164 22
164 196
164 87
164 142
164 4
164 88
164 166
164 89
164 127
164 168
164 61
164 92
164 93
164 94
164 49
164 95
164 136
164 80
164 60
164 84
164 143
164 155
164 134
166 168
166 4
166 192
166 27
166 74
166 15
166 153
166 17
166 78
166 141
166 54
166 64
166 55
166 79
166 193
166 82
166 59
166 154
166 21
166 58
166 172
166 22
166 6
166 87
166 29
166 142
166 89
166 3
166 10
166 61
166 91
166 134
166 93
166 94
166 127
166 95
166 136
166 80
166 60
166 48
166 92
166 155
166 99
32 5
32 158
32 144
32 44
32 20
32 21
32 43
89 4
89 27
89 74
89 10
89 15
89 105
89 80
89 78
89 3
89 141
89 54
89 64
89 55
89 79
89 98
89 193
89 82
89 83
89 58
89 172
89 88
89 59
89 6
89 87
89 142
89 22
89 155
89 61
89 91
89 134
89 93
89 94
89 127
89 95
89 136
89 153
89 60
89 84
89 92
89 143
89 99
158 101
158 5
158 20
158 21
158 28
158 144
158 44
158 43
144 5
144 101
144 20
144 21
144 149
44 5
44 43
44 20
44 21
155 4
155 27
155 74
155 99
155 15
155 153
155 17
155 78
155 3
155 141
155 54
155 64
155 55
155 79
155 98
155 193
155 82
155 58
155 172
155 88
155 59
155 6
155 87
155 196
155 142
155 61
155 91
155 22
155 93
155 94
155 127
155 136
155 80
155 60
155 84
155 92
155 143
155 134
60 4
60 27
60 74
60 10
60 99
60 15
60 153
60 17
60 78
60 79
60 141
60 54
60 64
60 55
60 98
60 193
60 82
60 83
60 58
60 172
60 88
60 59
60 6
60 87
60 142
60 184
60 61
60 91
60 22
60 93
60 94
60 127
60 95
60 136
60 80
60 84
60 148
60 92
60 143
60 134
61 4
61 6
61 27
61 74
61 10
61 98
61 15
61 153
61 80
61 64
61 79
61 54
61 55
61 181
61 83
61 82
61 59
61 154
61 21
61 58
61 172
61 22
61 87
61 29
61 196
61 91
61 92
61 94
61 127
61 95
61 136
61 48
61 99
43 5
43 20
43 21
91 4
91 27
91 74
91 3
91 15
91 153
91 80
91 78
91 79
91 141
91 59
91 55
91 98
91 193
91 82
91 83
91 172
91 22
91 6
91 87
91 142
91 88
91 184
91 143
91 134
91 93
91 136
91 95
91 84
91 92
91 99
143 27
143 99
143 153
143 152
143 53
143 17
143 78
143 3
143 141
143 59
143 134
143 79
143 193
143 82
143 58
143 172
143 88
143 48
143 6
143 87
143 142
143 30
143 4
143 162
143 22
143 93
143 94
143 49
143 95
143 136
143 80
143 84
143 148
143 92
143 98
143 15
99 4
99 27
99 74
99 10
99 3
99 15
99 153
99 17
99 78
99 79
99 141
99 59
99 55
99 98
99 193
99 82
99 83
99 172
99 22
99 6
99 87
99 142
99 88
99 92
99 93
99 136
99 84
99 80
99 134
95 6
95 27
95 74
95 10
95 49
95 15
95 153
95 17
95 78
95 3
95 80
95 54
95 64
95 55
95 79
95 193
95 82
95 154
95 58
95 22
95 59
95 87
95 4
95 92
95 93
95 94
95 84
95 48
136 4
136 27
136 74
136 10
136 98
136 15
136 153
136 80
136 64
136 3
136 141
136 54
136 22
136 55
136 79
136 82
136 59
136 58
136 172
136 88
136 6
136 87
136 142
136 93
136 94
136 127
136 84
136 92
4 192
4 27
4 74
4 49
4 15
4 153
4 105
4 17
4 64
4 54
4 55
4 181
4 82
4 59
4 154
4 200
4 58
4 172
4 22
4 21
4 6
4 87
4 142
4 127
4 10
4 3
4 94
4 168
4 80
4 196
4 92
4 134
5 101
5 105
5 20
5 21
5 149
5 28
5 201
6 27
6 74
6 49
6 15
6 105
6 17
6 78
6 54
6 22
6 64
6 55
6 79
6 98
6 83
6 141
6 82
6 59
6 154
6 21
6 58
6 172
6 88
6 196
6 87
6 29
6 142
6 127
6 10
6 3
6 181
6 93
6 94
6 168
6 80
6 153
6 84
6 92
6 200
6 134
52 109
52 67
52 113
52 118
52 115
52 197
52 129
109 67
109 113
109 118
109 115
109 129
67 115
67 113
67 118
67 197
67 129
74 27
74 15
74 153
74 17
74 78
74 79
74 141
74 54
74 22
74 64
74 55
74 98
74 193
74 82
74 59
74 21
74 58
74 172
74 88
74 87
74 29
74 142
74 10
74 93
74 94
74 127
74 80
74 84
74 48
74 92
10 27
10 15
10 105
10 17
10 64
10 79
10 80
10 54
10 55
10 82
10 59
10 154
10 21
10 58
10 172
10 22
10 87
10 29
10 142
10 168
10 94
10 127
10 153
10 92
10 134
92 192
92 27
92 15
92 153
92 105
92 80
92 78
92 3
92 141
92 59
92 22
92 64
92 55
92 79
92 98
92 193
92 82
92 83
92 58
92 172
92 88
92 87
92 142
92 184
92 181
92 93
92 127
92 196
92 84
92 134
49 196
49 152
49 53
49 17
49 80
49 54
49 58
49 22
49 153
49 30
49 162
49 59
49 134
49 127
49 199
49 48
49 15
101 149
152 48
152 30
152 134
152 162
152 54
152 59
152 160
152 53
152 80
152 58
53 30
53 134
53 162
53 153
53 80
53 48
53 59
17 98
17 15
17 80
17 78
17 79
17 141
17 54
17 64
17 55
17 193
17 58
17 172
17 22
17 59
17 87
17 29
17 142
17 88
17 93
17 94
17 127
17 84
17 48
78 27
78 153
78 79
78 141
78 59
78 22
78 55
78 98
78 193
78 82
78 58
78 172
78 88
78 84
78 87
78 142
78 184
78 93
78 94
78 127
78 80
79 27
79 15
79 153
79 3
79 141
79 54
79 22
79 64
79 55
79 98
79 193
79 82
79 83
79 58
79 172
79 88
79 59
79 87
79 196
79 142
79 184
79 93
79 94
79 127
79 80
79 84
79 134
141 3
141 192
141 27
141 153
141 80
141 59
141 22
141 55
141 98
141 193
141 82
141 58
141 172
141 88
141 84
141 87
141 142
141 184
141 93
141 94
141 127
141 134
59 27
59 15
59 142
59 54
59 22
59 64
59 55
59 181
59 98
59 193
59 82
59 21
59 58
59 172
59 88
59 87
59 196
59 162
59 127
59 184
59 93
59 94
59 80
59 153
59 84
59 48
59 134
105 58
105 15
105 153
105 64
87 192
87 27
87 15
87 153
87 22
87 64
87 55
87 181
87 98
87 193
87 82
87 58
87 172
87 88
87 48
87 142
87 3
87 93
87 94
87 127
87 80
87 84
83 15
83 80
83 172
83 93
83 84
148 153
148 84
148 193
148 80
27 153
27 22
27 64
27 55
27 98
27 84
27 82
27 154
27 172
27 88
27 142
27 3
27 93
27 193
27 80
27 200
196 98
196 64
196 55
196 22
196 54
196 93
196 199
196 48
196 15
134 168
134 98
134 153
134 80
134 55
134 82
134 172
134 88
134 48
134 142
134 30
134 162
134 93
134 84
134 15
93 3
93 153
93 193
93 82
93 58
93 172
93 22
93 84
93 88
93 142
93 184
93 94
93 127
93 80
93 98
94 15
94 153
94 64
94 193
94 82
94 55
94 58
94 172
94 22
94 54
94 142
94 3
94 127
94 80
94 84
127 15
127 153
127 64
127 55
127 98
127 84
127 82
127 21
127 58
127 172
127 22
127 29
127 142
127 80
181 55
181 82
181 15
181 153
181 58
39 48
202 48
3 64
3 55
3 98
3 84
3 82
3 172
3 22
3 142
192 84
192 88
98 142
98 15
98 153
98 22
98 64
98 55
98 193
98 82
98 172
98 88
98 84
98 54
98 184
98 80
15 168
15 54
15 153
15 64
15 80
15 142
15 55
15 82
15 154
15 21
15 58
15 172
15 22
15 29
153 168
153 22
153 64
153 55
153 193
153 82
153 58
153 172
153 88
153 48
153 142
153 162
153 184
153 80
153 84
80 22
80 64
80 55
80 193
80 82
80 58
80 172
80 88
80 48
80 142
80 30
80 162
80 184
80 84
64 55
64 82
64 154
64 21
64 58
64 172
64 22
64 29
64 54
193 22
193 82
193 58
193 172
193 88
193 142
193 84
54 55
54 21
54 58
54 172
54 22
54 48
82 22
82 55
82 58
82 172
82 88
82 142
82 184
82 84
55 168
55 154
55 21
55 58
55 172
55 22
55 88
55 142
55 29
55 84
20 21
20 28
154 22
21 58
21 22
21 172
58 172
58 22
58 142
58 84
58 48
172 22
172 88
172 142
172 184
172 84
22 168
22 142
22 88
22 84
22 48
84 88
84 142
84 184
48 30
48 162
48 199
142 88
142 184
30 162
88 184
