0,1
0,2
0,3
0,4
0,5
1,112
1,113
1,114
1,115
1,116
2,13
2,138
2,254
2,282
2,318
2,486
2,529
2,641
2,815
2,822
2,1030
2,1081
2,1373
2,1405
2,1424
2,1434
2,1435
2,1436
2,1437
3,1447
4,663
4,800
4,1133
4,1590
5,1336
6,7
6,8
6,9
7,9
7,657
8,659
8,830
10,11
10,12
11,12
11,118
12,118
12,218
12,710
14,15
14,16
15,134
15,135
15,136
15,137
15,138
15,139
15,140
15,141
15,142
15,143
15,144
15,145
15,146
15,147
15,148
15,149
15,150
15,151
15,152
15,153
15,154
15,155
15,156
15,157
16,184
16,427
16,1274
16,1449
16,1510
16,1589
17,18
18,18
18,46
18,90
18,192
18,209
18,243
18,337
18,392
18,474
18,475
18,778
18,1105
18,1106
18,1107
18,1108
18,1109
18,1110
18,1111
18,1112
19,20
19,21
19,22
20,141
21,22
21,793
21,1232
21,1233
23,24
23,25
23,26
24,121
24,358
24,1407
25,29
25,58
25,77
25,81
25,111
25,112
25,198
25,353
25,373
25,388
25,399
25,407
25,430
25,489
25,569
25,591
25,646
25,749
25,802
25,861
25,877
25,922
25,968
25,1050
25,1201
25,1300
25,1344
25,1347
25,1352
25,1354
25,1361
25,1373
25,1387
25,1420
25,1515
25,1621
25,1622
26,410
27,28
27,29
27,30
28,198
28,1125
29,591
29,1075
29,1124
29,1183
29,1201
29,1266
29,1267
30,30
30,591
30,773
31,32
32,798
33,34
35,36
35,37
35,38
35,39
35,40
35,41
35,42
35,43
35,44
36,43
36,104
36,276
36,277
36,279
36,297
36,298
36,299
36,300
36,301
36,302
36,303
36,304
36,305
36,306
36,307
36,308
37,303
37,306
37,441
37,649
37,650
37,651
37,652
37,653
37,654
37,655
37,656
39,330
39,689
39,739
39,1281
40,45
40,46
41,256
44,1753
45,46
45,47
45,48
45,49
45,50
45,51
45,52
45,53
45,54
45,55
46,51
46,90
46,102
46,177
46,337
46,338
46,339
46,340
46,341
47,50
47,102
47,715
47,878
47,879
48,557
49,177
49,401
49,404
49,557
49,658
49,1110
50,102
50,878
50,1395
50,1716
51,64
55,1203
56,57
56,58
56,59
56,60
56,61
57,105
57,114
57,134
57,220
57,260
57,320
57,339
57,398
57,399
57,400
57,401
57,402
57,403
57,404
57,405
57,406
57,407
57,408
57,409
57,410
57,411
57,412
57,413
57,414
57,415
57,416
57,417
57,418
57,419
58,89
58,346
58,753
58,1104
58,1174
58,1209
58,1210
58,1211
58,1212
58,1213
58,1214
58,1215
58,1216
59,76
59,164
59,250
59,257
59,259
59,262
59,483
59,505
59,545
59,841
59,987
59,991
59,1078
59,1083
59,1093
59,1105
59,1140
59,1282
59,1396
59,1397
59,1398
59,1399
59,1400
59,1401
59,1402
59,1403
59,1404
59,1405
61,76
61,427
61,463
61,844
61,1057
61,1775
62,63
62,64
64,79
64,243
64,271
64,561
64,912
64,1317
64,1599
64,1667
65,66
66,1111
67,68
67,69
69,159
70,71
70,72
70,73
71,72
71,73
72,73
74,75
75,163
75,212
75,215
75,216
75,217
75,218
75,437
75,562
75,779
75,828
75,949
75,1066
75,1067
75,1068
76,77
76,78
76,79
77,106
77,144
77,231
77,259
77,311
77,411
77,472
77,685
77,722
77,723
77,809
77,825
77,968
77,1119
77,1221
77,1326
77,1374
77,1387
77,1388
77,1485
77,1507
77,1595
77,1597
77,1600
77,1630
77,1631
77,1632
78,87
78,88
78,91
78,146
78,243
78,283
78,403
78,412
78,477
78,1031
78,1067
78,1144
78,1315
78,1411
78,1637
78,1763
78,1764
78,1765
78,1766
78,1767
79,1022
79,1092
79,1190
79,1352
79,1382
79,1825
79,1826
80,81
80,82
81,168
81,169
81,353
81,354
81,355
81,356
81,357
83,83
83,84
85,86
86,266
86,267
86,268
86,746
87,88
87,89
87,90
87,91
87,92
87,93
88,928
89,90
90,243
90,778
90,1104
90,1107
90,1385
90,1710
91,893
94,95
96,97
97,354
98,99
100,101
100,102
100,103
100,104
100,105
100,106
101,102
101,683
101,684
102,105
102,683
103,106
103,683
103,970
103,971
104,683
104,1199
105,683
105,684
106,683
106,971
107,108
107,109
108,109
110,111
111,342
111,427
111,557
111,899
112,646
113,724
113,776
113,1304
113,1530
117,118
117,119
117,120
117,121
117,122
117,123
117,124
117,125
117,126
117,127
117,128
118,127
118,441
118,685
118,686
119,123
119,924
120,123
120,126
121,123
121,645
122,924
122,1468
123,124
123,126
123,127
123,128
123,189
123,240
123,460
123,528
123,685
123,861
123,886
123,924
123,992
123,1056
123,1170
123,1197
123,1324
123,1325
123,1431
123,1479
123,1480
123,1481
123,1482
124,127
124,235
124,902
124,924
125,411
126,924
127,226
127,924
127,992
128,924
129,130
131,132
131,133
132,182
132,183
132,184
133,733
133,762
134,462
135,486
136,801
137,1058
137,1523
140,319
140,321
140,363
141,410
141,824
141,1215
141,1539
141,1656
142,1101
143,400
143,892
144,144
144,1021
144,1735
145,1746
146,1012
147,1566
153,1735
158,159
158,160
159,1426
161,162
161,163
163,434
163,689
165,166
166,181
166,253
166,338
166,429
166,461
166,528
166,721
166,808
166,1081
166,1473
166,1474
166,1475
167,168
167,169
168,169
168,1232
168,1362
168,1363
170,170
170,171
170,172
170,173
170,174
170,175
170,176
171,172
171,173
171,174
171,175
171,176
172,173
172,174
172,176
173,173
173,174
173,175
173,176
173,768
174,174
174,175
174,176
174,1229
175,231
175,555
176,176
177,178
178,178
178,187
178,401
178,404
178,463
178,476
178,496
178,603
178,853
178,896
178,967
178,1110
178,1637
178,1638
179,180
180,190
180,194
180,267
180,290
180,296
180,423
180,454
180,532
180,587
180,588
180,589
180,590
180,591
180,592
180,593
180,594
180,595
180,596
180,597
180,598
180,599
180,600
180,601
180,602
180,603
180,604
180,605
180,606
180,607
180,608
180,609
180,610
180,611
180,612
180,613
180,614
180,615
180,616
180,617
180,618
180,619
180,620
180,621
180,622
180,623
180,624
180,625
180,626
180,627
180,628
180,629
180,630
180,631
180,632
180,633
182,389
184,952
185,186
186,1148
187,188
191,192
191,193
192,925
193,1511
195,196
195,197
195,198
195,199
195,200
195,201
195,202
196,1165
197,376
197,380
197,409
198,377
198,724
198,942
198,1125
199,476
201,407
201,1698
203,204
205,206
205,207
206,655
206,724
208,209
209,420
210,211
211,460
211,667
211,932
211,1204
211,1256
211,1257
211,1258
211,1259
211,1260
212,213
212,214
212,215
212,216
212,217
216,821
219,220
220,435
221,222
221,223
222,222
222,506
222,555
222,556
222,557
223,1277
224,225
224,226
224,227
226,836
226,837
226,838
228,229
229,1070
230,231
231,231
231,375
231,473
231,530
231,680
231,1080
231,1081
231,1082
231,1083
231,1084
231,1085
232,233
232,234
233,1348
236,237
238,239
238,240
240,251
240,1170
240,1248
240,1376
241,242
241,243
242,243
243,243
243,408
243,474
243,928
243,929
243,930
243,931
244,245
244,246
244,247
244,248
244,249
245,920
245,921
247,269
250,251
251,1078
251,1156
251,1405
251,1578
252,253
253,270
253,402
253,429
253,528
253,533
253,534
253,535
253,536
253,537
253,538
253,539
253,540
253,541
253,542
253,543
253,544
253,545
254,255
254,256
255,997
256,756
256,955
256,1294
256,1365
256,1423
256,1434
256,1545
256,1583
256,1584
258,259
258,260
258,261
258,262
258,263
259,736
259,768
259,769
264,265
265,744
266,266
266,267
266,268
266,269
267,268
269,406
269,463
269,723
269,763
269,780
269,944
269,1024
269,1122
269,1467
269,1510
269,1600
269,1630
269,1756
269,1776
269,1777
269,1778
269,1779
269,1780
269,1781
269,1782
269,1783
271,272
271,273
272,678
272,679
272,680
272,681
274,275
275,457
275,459
276,277
276,278
276,279
276,280
276,281
278,566
280,402
280,949
280,962
280,1054
280,1325
280,1697
281,281
281,1841
283,284
284,373
284,650
284,685
284,1387
284,1388
284,1389
284,1390
284,1391
284,1392
284,1393
284,1394
285,286
285,287
288,289
289,289
290,291
290,292
290,293
290,294
291,663
291,664
291,665
292,1098
293,665
295,296
297,648
297,1034
297,1035
298,1099
299,648
304,774
304,841
305,1603
306,1524
308,774
308,1152
309,310
310,933
310,934
310,1245
311,312
312,335
312,370
312,1836
313,314
313,315
314,315
314,1156
314,1405
314,1519
314,1520
314,1521
315,682
315,687
315,1013
315,1405
315,1419
315,1476
315,1489
315,1508
315,1520
315,1521
315,1581
316,316
317,318
318,504
318,506
318,748
319,320
320,950
320,951
320,952
322,323
324,325
326,327
326,328
327,328
329,330
330,837
330,1222
330,1223
330,1224
330,1225
330,1226
331,332
331,333
331,334
331,335
331,336
332,664
332,707
332,805
332,806
332,807
333,334
333,335
333,377
333,811
333,812
333,813
333,814
333,815
333,816
333,817
333,818
333,819
334,335
334,688
334,812
334,815
334,816
334,861
334,959
334,960
335,377
335,400
335,583
335,814
335,988
335,989
335,990
336,377
336,812
336,814
340,1691
342,343
342,344
342,345
343,345
344,345
346,347
346,348
346,349
346,350
347,634
347,635
347,636
348,410
348,824
348,1103
348,1104
349,753
349,1104
349,1213
349,1340
350,405
351,352
352,352
352,935
352,936
352,937
354,861
355,356
355,899
359,360
361,362
362,745
364,365
365,1666
366,367
367,521
367,719
367,723
367,765
367,827
367,946
367,982
367,1038
367,1058
367,1123
367,1146
367,1221
367,1303
367,1605
367,1628
367,1660
367,1681
367,1682
367,1683
367,1684
368,369
370,371
370,372
371,372
373,374
373,375
373,376
373,377
374,991
374,996
374,1012
374,1014
374,1144
374,1145
375,905
375,982
375,1251
375,1409
375,1410
376,707
376,1088
376,1542
376,1543
377,814
378,379
378,380
380,814
380,1315
381,382
381,383
382,383
383,855
383,856
384,385
386,387
387,1650
390,391
391,727
391,854
391,983
391,1544
392,393
392,394
392,395
395,1023
395,1277
395,1773
396,397
397,1014
397,1102
397,1633
397,1634
398,439
399,571
399,720
399,721
400,892
401,404
401,463
401,476
401,557
401,756
401,893
401,894
401,895
401,896
401,897
403,555
403,557
403,768
404,463
404,476
404,557
404,756
404,894
404,896
404,897
405,1029
406,408
406,1517
408,1154
408,1201
409,862
409,863
410,753
410,1021
411,922
411,1700
411,1708
419,1828
421,422
422,705
422,836
422,929
422,953
422,954
422,966
422,1175
422,1176
422,1177
424,425
425,438
425,504
425,1039
425,1540
425,1542
425,1653
426,427
427,768
427,1203
428,429
429,429
429,462
429,505
429,523
429,524
429,525
429,526
429,527
429,528
429,529
429,530
429,531
430,431
430,432
430,433
436,436
436,437
439,1005
440,441
441,448
441,496
441,511
441,512
441,513
441,514
441,515
441,516
442,443
444,445
446,447
447,1034
447,1604
447,1661
449,450
451,452
451,453
455,456
456,892
456,948
457,458
458,1158
458,1159
463,464
463,465
463,466
463,467
463,468
463,469
463,470
463,471
467,467
469,1351
469,1355
469,1356
469,1357
470,1635
470,1636
471,694
471,774
472,473
473,647
473,793
473,794
474,475
474,476
474,477
475,475
475,1109
475,1111
475,1680
476,603
476,689
476,756
476,895
476,1317
476,1690
476,1691
477,853
477,1317
477,1664
478,479
478,480
478,481
478,482
479,923
480,481
480,482
481,482
484,485
486,487
488,489
488,490
490,504
491,492
493,494
495,496
497,498
497,499
497,500
497,501
497,502
497,503
497,504
499,1143
503,1460
504,708
504,739
504,839
504,1116
504,1310
504,1436
504,1606
505,506
505,507
506,506
506,795
507,1058
508,509
508,510
517,518
518,1312
518,1377
518,1378
519,520
521,522
522,742
522,1406
522,1487
522,1488
528,955
528,1030
537,1029
538,974
538,1029
538,1275
542,1016
542,1505
542,1647
544,681
544,982
546,547
546,548
546,549
550,551
551,780
551,938
551,939
551,940
551,941
551,942
551,943
551,944
551,945
551,946
552,553
552,554
555,747
555,1043
555,1044
555,1045
555,1046
555,1047
557,659
557,660
557,756
557,851
557,853
557,1178
557,1430
557,1577
557,1675
557,1733
557,1734
558,559
558,560
558,561
561,1388
563,564
563,565
563,566
563,567
563,568
566,743
566,956
566,1032
566,1096
566,1097
570,571
572,573
573,751
574,575
576,577
577,1053
578,578
578,579
578,580
580,1640
581,582
582,1187
583,584
585,586
589,866
591,773
591,898
591,899
597,1134
601,1327
607,1327
607,1407
609,760
634,634
635,1039
635,1353
636,774
637,638
639,640
639,641
641,1230
641,1287
642,643
642,644
643,1250
644,902
647,648
648,690
648,722
648,723
648,1116
648,1179
648,1220
648,1332
648,1727
649,739
650,651
650,655
650,783
650,907
650,908
650,909
650,910
650,911
650,912
650,913
650,914
650,915
655,1333
655,1341
655,1427
655,1453
655,1610
655,1611
657,1133
657,1787
658,659
658,660
659,1110
659,1429
660,895
660,932
660,1110
660,1612
661,662
663,1191
663,1715
664,1139
664,1728
664,1729
664,1730
666,667
667,757
667,758
668,669
670,671
670,672
671,710
671,820
671,821
672,680
672,833
672,834
672,835
673,674
675,676
675,677
676,1071
676,1186
678,1154
680,689
680,1030
680,1352
680,1425
683,971
683,1243
684,1323
684,1428
684,1464
685,991
685,992
686,1358
688,689
689,837
689,1237
691,692
692,777
692,1586
693,694
693,695
694,1091
694,1189
694,1251
696,696
696,697
696,698
697,827
698,827
699,700
700,1227
700,1228
701,702
703,704
706,707
706,708
707,963
708,1402
708,1738
709,710
711,712
712,1454
713,714
716,717
716,718
720,720
720,1366
722,722
722,723
722,724
723,724
724,795
724,901
724,1031
724,1444
724,1595
724,1630
725,726
727,728
728,1172
728,1493
728,1547
729,730
730,975
730,976
731,732
732,834
732,1014
732,1160
732,1161
732,1162
734,735
737,738
739,837
739,1135
739,1229
739,1244
739,1265
739,1484
739,1508
740,741
740,742
742,1406
748,749
748,750
749,1301
749,1302
751,1623
751,1770
751,1771
752,753
752,754
753,754
753,1190
755,756
756,756
756,853
756,1342
756,1343
759,760
759,761
760,1079
763,764
763,765
764,1051
764,1052
765,1352
766,767
769,1116
769,1441
769,1731
769,1732
770,771
771,1042
771,1531
771,1532
771,1533
771,1534
772,773
772,774
773,839
773,1267
773,1699
774,779
774,829
774,991
774,1453
774,1749
774,1750
774,1751
775,776
776,1509
776,1665
776,1689
780,781
780,782
782,782
784,785
784,786
784,787
784,788
784,789
784,790
785,786
785,869
785,870
786,869
786,870
786,1183
786,1184
791,792
793,809
793,916
793,917
795,796
795,797
798,1277
799,800
800,1486
801,801
803,804
805,809
809,810
811,891
812,960
812,1071
812,1072
812,1073
812,1074
815,817
816,816
816,819
816,959
821,1759
821,1760
821,1761
821,1762
823,824
823,825
823,826
824,1308
824,1506
824,1576
828,829
829,934
829,1029
829,1030
830,831
830,832
831,1590
832,1098
832,1129
832,1471
833,1335
834,1327
835,1772
836,954
837,845
837,968
837,991
837,1163
837,1164
838,1116
838,1358
838,1606
839,840
839,841
840,1497
841,1211
841,1693
842,843
842,844
844,1434
846,847
846,848
849,850
850,1031
850,1270
850,1271
851,851
851,852
851,853
854,855
855,855
855,856
855,858
855,859
855,1833
856,856
856,857
856,858
856,859
856,860
861,862
861,863
861,864
861,865
862,863
862,1029
866,947
867,868
869,870
871,872
871,873
871,874
872,873
872,994
873,874
873,994
875,876
876,1259
878,1495
880,881
882,883
884,885
885,1146
887,888
889,890
892,1696
893,1385
894,1069
894,1273
894,1643
895,1309
895,1472
896,1169
898,1512
899,1034
899,1599
899,1600
899,1601
899,1602
900,901
902,903
902,904
905,906
911,1614
911,1615
911,1616
911,1617
912,1623
914,916
914,1572
918,919
920,921
920,1364
921,1364
924,1056
924,1057
926,927
927,1183
928,928
928,1009
933,934
937,998
937,1719
937,1720
942,1124
944,1544
953,954
953,955
954,966
954,967
954,968
954,969
955,1019
955,1020
956,957
956,958
957,958
958,1672
959,987
960,998
961,962
962,1033
962,1644
963,964
963,965
964,1183
964,1328
964,1329
964,1330
964,1331
968,1646
971,1336
972,973
972,974
974,1275
977,978
977,979
977,980
978,1375
981,982
982,982
982,1453
982,1528
982,1529
984,985
985,1091
985,1092
986,987
991,1053
993,993
994,1639
995,996
995,997
995,998
995,999
995,1000
995,1001
996,1011
996,1012
997,1076
999,1243
1000,1448
1002,1003
1002,1004
1003,1349
1003,1350
1006,1007
1008,1009
1010,1010
1012,1448
1012,1548
1012,1614
1012,1791
1012,1792
1014,1015
1016,1017
1017,1372
1018,1018
1021,1022
1021,1023
1021,1024
1021,1025
1021,1026
1021,1027
1021,1028
1024,1691
1025,1148
1025,1746
1029,1077
1030,1546
1036,1037
1040,1041
1041,1408
1045,1662
1045,1663
1048,1049
1048,1050
1052,1436
1053,1124
1053,1456
1054,1055
1055,1367
1057,1057
1057,1148
1057,1149
1057,1150
1057,1151
1057,1186
1057,1352
1057,1704
1058,1241
1058,1242
1059,1060
1061,1062
1062,1155
1063,1064
1063,1065
1064,1202
1065,1202
1065,1219
1067,1433
1071,1074
1072,1198
1072,1432
1086,1087
1089,1090
1092,1663
1093,1094
1093,1095
1094,1095
1094,1381
1095,1381
1097,1528
1097,1722
1098,1585
1100,1100
1107,1109
1108,1110
1108,1147
1109,1580
1110,1111
1110,1412
1111,1317
1111,1429
1113,1114
1115,1116
1116,1685
1117,1117
1117,1118
1117,1119
1117,1120
1118,1119
1118,1122
1119,1119
1119,1120
1119,1121
1119,1645
1121,1122
1122,1645
1124,1125
1125,1457
1126,1127
1126,1128
1130,1131
1132,1133
1133,1276
1133,1296
1133,1590
1133,1596
1134,1614
1134,1788
1134,1789
1134,1790
1136,1137
1136,1138
1136,1139
1141,1142
1144,1768
1148,1148
1148,1149
1148,1150
1148,1151
1148,1152
1149,1150
1149,1151
1150,1151
1153,1154
1154,1603
1156,1157
1163,1164
1165,1768
1166,1167
1168,1169
1169,1745
1171,1172
1171,1173
1180,1181
1181,1655
1182,1183
1183,1224
1183,1709
1183,1721
1185,1186
1186,1231
1188,1189
1190,1213
1190,1386
1190,1827
1191,1192
1191,1193
1191,1194
1191,1195
1191,1196
1200,1201
1201,1292
1201,1351
1203,1822
1203,1823
1203,1824
1205,1206
1205,1207
1205,1208
1206,1207
1207,1208
1215,1579
1215,1613
1217,1218
1224,1358
1234,1235
1234,1236
1235,1236
1236,1305
1238,1239
1238,1240
1240,1618
1246,1247
1248,1249
1251,1410
1251,1434
1251,1664
1252,1253
1253,1349
1253,1448
1254,1255
1255,1334
1257,1536
1259,1541
1261,1262
1262,1659
1262,1673
1262,1674
1263,1264
1264,1527
1267,1339
1268,1269
1269,1269
1269,1575
1270,1447
1270,1654
1272,1272
1276,1276
1277,1339
1277,1522
1277,1547
1277,1548
1277,1549
1277,1550
1277,1551
1277,1552
1277,1553
1277,1554
1277,1555
1277,1556
1277,1557
1277,1558
1277,1559
1278,1279
1280,1281
1283,1284
1285,1286
1288,1289
1290,1291
1293,1293
1295,1296
1296,1296
1297,1298
1297,1299
1298,1318
1302,1465
1306,1307
1311,1312
1312,1367
1313,1314
1315,1316
1315,1317
1316,1490
1318,1319
1320,1321
1320,1322
1320,1323
1321,1411
1322,1535
1323,1463
1327,1496
1330,1842
1337,1338
1338,1607
1343,1343
1345,1346
1347,1348
1352,1471
1359,1360
1368,1369
1370,1371
1375,1754
1375,1755
1379,1380
1382,1383
1382,1384
1385,1386
1389,1389
1390,1440
1390,1441
1391,1774
1407,1420
1407,1608
1408,1504
1413,1414
1413,1415
1413,1416
1413,1417
1413,1418
1420,1421
1420,1422
1427,1428
1428,1744
1428,1810
1428,1811
1428,1812
1428,1813
1428,1814
1428,1815
1428,1816
1428,1817
1434,1624
1434,1625
1436,1522
1436,1676
1436,1677
1438,1439
1440,1441
1442,1443
1445,1445
1446,1447
1447,1587
1447,1588
1449,1450
1451,1452
1455,1456
1458,1459
1458,1460
1459,1470
1461,1462
1462,1582
1463,1464
1466,1467
1469,1469
1470,1629
1477,1478
1483,1483
1485,1485
1486,1513
1490,1491
1490,1492
1493,1494
1498,1499
1500,1501
1502,1503
1514,1515
1514,1516
1518,1518
1524,1525
1524,1526
1537,1538
1560,1561
1561,1608
1562,1563
1563,1574
1564,1565
1564,1566
1564,1567
1565,1566
1565,1567
1566,1679
1567,1707
1568,1569
1570,1571
1573,1573
1586,1843
1591,1591
1592,1593
1594,1595
1595,1609
1597,1598
1599,1723
1599,1724
1600,1600
1608,1796
1608,1797
1608,1798
1608,1799
1608,1800
1608,1801
1608,1802
1608,1803
1608,1804
1608,1805
1608,1806
1614,1664
1614,1686
1614,1687
1619,1620
1626,1627
1641,1642
1648,1649
1651,1652
1654,1655
1655,1703
1655,1793
1655,1794
1655,1795
1657,1658
1662,1688
1663,1763
1663,1786
1668,1669
1668,1670
1669,1671
1670,1678
1682,1682
1683,1683
1686,1791
1686,1818
1691,1711
1691,1743
1691,1744
1692,1692
1694,1695
1701,1702
1705,1706
1712,1713
1714,1714
1717,1718
1720,1823
1725,1726
1731,1746
1731,1748
1732,1807
1732,1808
1732,1809
1736,1737
1739,1740
1739,1741
1739,1742
1746,1747
1751,1752
1757,1758
1768,1769
1781,1781
1784,1785
1819,1820
1819,1821
1829,1830
1831,1832
1834,1835
1837,1837
1838,1839
1840,1840
1842,1854
1842,1855
1844,1845
1845,1846
1847,1847
1848,1849
1850,1850
1851,1851
1852,1853
1856,1857
1858,1859
1860,1860
1861,1861
1861,1862
1863,1864
1865,1865
1866,1867
1868,1868
1869,1869
